lost|cell|sfn |sf|bbUeRef |rnti |mode |modul|mcs1|mcs2|prb |rbaType|ndf1|bler1|ndf2|bler2|tbs1   |tbs2   |tbsSum |tbsAvg   |rv1|rv2|rateBitSum|codeRate|assBits |harq|procId|bundl|cqi|ri|
    |  3 | 838| 6| 3000860|     |     |     |    |    |    |       |    |     |    |     |       |       |       |         |   |   |          |        |        | A A|    3 |     |   |  |
    |  3 | 838| 7| 3000860|13487|     |     |    |    |    |       |    |     |    |     |       |       |       |         |   |   |          |        |18022928| A A|    2 |     |   |  |
    |  3 | 838| 8| 3000860|13487|     |64QAM| 28 | 28 |    |       |  Y |     |  Y |     | 36696 | 36696 | 73392 |         | 0 | 0 |    86400 |   0.85 |18026992| A A|    1 |     |   |  |
    |  3 | 838| 9| 3000860|13487| Mimo|64QAM| 28 | 28 | 50 |     0 |  Y |     |  Y |     | 36696 | 36696 | 73392 |         | 0 | 0 |    86400 |   0.85 |18042096| A A|    0 |     |   |  |
    |  3 | 839| 0| 3000860|13487| Mimo|64QAM| 28 | 28 | 50 |     0 |  Y |     |  Y |     | 36696 | 36696 | 73392 |         | 0 | 0 |    81504 |   0.90 |18046152| A A|    7 |     |   |  |
    |  3 | 839| 1| 3000860|13487| Mimo|64QAM| 28 | 28 | 50 |     0 |  Y |     |  Y |     | 36696 | 36696 | 73392 |         | 0 | 0 |    86400 |   0.85 |18050216| A A|    6 |     |   |  |
  2 |  * | 839| 2|      * |     |     |     |    |    |    |       |    |     |    |     |       |       |       |         |   |   |          |        |        |    |      |     |   |  |
    |  3 | 839| 2| 3000860|13487| Mimo|64QAM| 28 | 28 | 50 |     0 |  Y |     |  Y |     | 36696 | 36696 | 73392 |         | 0 | 0 |    86400 |   0.85 |18065320| A A|    5 |     |   |  |
    |  3 | 839| 3| 3000860|13487| Mimo|64QAM| 28 | 28 | 50 |     0 |  Y |     |  Y |     | 36696 | 36696 | 73392 |         | 0 | 0 |    86400 |   0.85 |18069376| A A|    4 |     |   |  |
    |  3 | 839| 4| 3000860|13487| Mimo|64QAM| 28 | 28 | 50 |     0 |  Y |     |  Y |     | 36696 | 36696 | 73392 |         | 0 | 0 |    86400 |   0.85 |18073440| A A|    3 |     |   |  |
    |  3 | 839| 5| 3000860|13487| Mimo|64QAM| 28 | 28 | 50 |     0 |  Y |     |  Y |     | 36696 | 36696 | 73392 |         | 0 | 0 |    84672 |   0.87 |18088544| A A|   63 |  15 | 15| 2|
  2 |  * | 839| 6|      * |     |     |     |    |    |    |       |    |     |    |     |       |       |       |         |   |   |          |        |        |    |      |     |   |  |
    |  3 | 839| 6| 3000860|13487| Mimo|64QAM| 28 | 28 | 50 |     0 |  Y |     |  Y |     | 36696 | 36696 | 73392 |         | 0 | 0 |    86400 |   0.85 |18092608| A A|    1 |     |   |  |
    |  3 | 839| 7| 3000860|13487| Mimo|64QAM| 28 | 28 | 50 |     0 |  Y |     |  Y |     | 36696 | 36696 | 73392 |         | 0 | 0 |    86400 |   0.85 |18107712| A A|    0 |     |   |  |
    |  3 | 839| 8| 3000860|13487| Mimo|64QAM| 28 | 28 | 50 |     0 |  Y |     |  Y |     | 36696 | 36696 | 73392 |         | 0 | 0 |    86400 |   0.85 |18148488| A A|    7 |     |   |  |
  2 |  * | 839| 9|      * |     |     |     |    |    |    |       |    |     |    |     |       |       |       |         |   |   |          |        |        |    |      |     |   |  |
    |  3 | 839| 9| 3000860|13487| Mimo|64QAM| 28 | 28 | 50 |     0 |  Y |     |  Y |     | 36696 | 36696 | 73392 |         | 0 | 0 |    86400 |   0.85 |18152544| A A|    6 |     |   |  |
    |  2 | 840| 0|    SIB |65535|     | QPSK|  8 |    |  2 |       |  Y |     |    |     |   256 |       |   256 |         | 0 |   |     4896 |   0.05 |    240 |    |      |     |   |  |
    |  3 | 840| 0| 3000860|13487| Mimo|64QAM| 27 | 27 | 30 |     0 |  Y |     |  Y |     | 18336 | 18336 | 36672 |         | 0 | 0 |    41040 |   0.89 |18156600| A A|    5 |     |   |  |
    |  3 | 840| 0|    SIB |65535|     | QPSK|  8 |    |  2 |       |  Y |     |    |     |   256 |       |   256 |         | 0 |   |     5016 |   0.05 |    240 |    |      |     |   |  |
    |  3 | 840| 1| 3000860|13487| Mimo|64QAM| 28 | 28 | 50 |     0 |  Y |     |  Y |     | 36696 | 36696 | 73392 |         | 0 | 0 |    86400 |   0.85 |18160664| A A|    4 |     |   |  |
  2 |  * | 840| 2|      * |     |     |     |    |    |    |       |    |     |    |     |       |       |       |         |   |   |          |        |        |    |      |     |   |  |
    |  3 | 840| 2| 3000860|13487| Mimo|64QAM| 28 | 28 | 50 |     0 |  Y |     |  Y |     | 36696 | 36696 | 73392 |         | 0 | 0 |    86400 |   0.85 |18164720| A A|    3 |     |   |  |
    |  3 | 840| 3| 3000860|13487| Mimo|64QAM| 28 | 28 | 50 |     0 |  Y |     |  Y |     | 36696 | 36696 | 73392 |         | 0 | 0 |    86400 |   0.85 |18139368| A A|    2 |     |   |  |
    |  3 | 840| 4| 3000860|13487| Mimo|64QAM| 28 | 28 | 50 |     0 |  Y |     |  Y |     | 36696 | 36696 | 73392 |         | 0 | 0 |    86400 |   0.85 |18066056| A A|    1 |     |   |  |
  2 |  * | 840| 5|      * |     |     |     |    |    |    |       |    |     |    |     |       |       |       |         |   |   |          |        |        |    |      |     |   |  |
    |  2 | 840| 5|    SIB |65535|     | QPSK|  4 |    |  2 |       |  Y |     |    |     |   120 |       |   120 |         | 0 |   |      864 |   0.14 |    120 |    |      |     |   |  |
    |  3 | 840| 5| 3000860|13487| Mimo|64QAM| 27 | 27 | 48 |     0 |  Y |     |  Y |     | 29296 | 29296 | 58592 |         | 0 | 0 |    72720 |   0.81 |17992752| A A|   63 |  15 | 15| 2|
    |  3 | 840| 5|    SIB |65535|     | QPSK|  4 |    |  2 |       |  Y |     |    |     |   120 |       |   120 |         | 0 |   |      792 |   0.15 |    120 |    |      |     |   |  |
    |  3 | 840| 6| 3000860|13487| Mimo|64QAM| 28 | 28 | 50 |     0 |  Y |     |  Y |     | 36696 | 36696 | 73392 |         | 0 | 0 |    86400 |   0.85 |17941552| A A|    7 |     |   |  |
    |  3 | 840| 7| 3000860|13487| Mimo|64QAM| 28 | 28 | 50 |     0 |  Y |     |  Y |     | 36696 | 36696 | 73392 |         | 0 | 0 |    86400 |   0.85 |17934552| A A|    6 |     |   |  |
    |  3 | 840| 8| 3000860|13487| Mimo|64QAM| 28 | 28 | 50 |     0 |  Y |     |  Y |     | 36696 | 36696 | 73392 |         | 0 | 0 |    86400 |   0.85 |17960720| A A|    5 |     |   |  |
  2 |  * | 840| 9|      * |     |     |     |    |    |    |       |    |     |    |     |       |       |       |         |   |   |          |        |        |    |      |     |   |  |
    |  3 | 840| 9| 3000860|13487| Mimo|64QAM| 28 | 28 | 50 |     0 |  Y |     |  Y |     | 36696 | 36696 | 73392 |         | 0 | 0 |    86400 |   0.85 |17964776| A A|    4 |     |   |  |
    |  3 | 841| 0| 3000860|13487| Mimo|64QAM| 28 | 28 | 50 |     0 |  Y |     |  Y |     | 36696 | 36696 | 73392 |         | 0 | 0 |    81504 |   0.90 |17968832| A A|    3 |     |   |  |
    |  3 | 841| 1| 3000860|13487| Mimo|64QAM| 28 | 28 | 50 |     0 |  Y |     |  Y |     | 36696 | 36696 | 73392 |         | 0 | 0 |    86400 |   0.85 |17983944| A A|    2 |     |   |  |
  2 |  * | 841| 2|      * |     |     |     |    |    |    |       |    |     |    |     |       |       |       |         |   |   |          |        |        |    |      |     |   |  |
    |  3 | 841| 2| 3000860|13487| Mimo|64QAM| 28 | 28 | 50 |     0 |  Y |     |  Y |     | 36696 | 36696 | 73392 |         | 0 | 0 |    86400 |   0.85 |17988000| A A|    1 |     |   |  |
    |  3 | 841| 3| 3000860|13487| Mimo|64QAM| 28 | 28 | 50 |     0 |  Y |     |  Y |     | 36696 | 36696 | 73392 |         | 0 | 0 |    86400 |   0.85 |18003104| A A|    0 |     |   |  |
    |  3 | 841| 4| 3000860|13487| Mimo|64QAM| 28 | 28 | 50 |     0 |  Y |     |  Y |     | 36696 | 36696 | 73392 |         | 0 | 0 |    86400 |   0.85 |17996112| A A|   63 |  15 |   |  |
lost|cell|sfn |sf|bbUeRef |rnti |mode |modul|mcs1|mcs2|prb |rbaType|ndf1|bler1|ndf2|bler2|tbs1   |tbs2   |tbsSum |tbsAvg   |rv1|rv2|rateBitSum|codeRate|assBits |harq|procId|bundl|cqi|ri|
    |  3 | 841| 5| 3000860|13487| Mimo|64QAM| 28 | 28 | 50 |     0 |  Y |     |  Y |     | 36696 | 36696 | 73392 |         | 0 | 0 |    84672 |   0.87 |18011224| A A|   63 |  15 | 15| 2|
  2 |  * | 841| 6|      * |     |     |     |    |    |    |       |    |     |    |     |       |       |       |         |   |   |          |        |        |    |      |     |   |  |
    |  3 | 841| 6| 3000860|13487| Mimo|64QAM| 28 | 28 | 50 |     0 |  Y |     |  Y |     | 36696 | 36696 | 73392 |         | 0 | 0 |    86400 |   0.85 |18026336| A A|    5 |     |   |  |
    |  3 | 841| 7| 3000860|13487| Mimo|64QAM| 28 | 28 | 50 |     0 |  Y |     |  Y |     | 36696 | 36696 | 73392 |         | 0 | 0 |    86400 |   0.85 |18030392| A A|    4 |     |   |  |
    |  3 | 841| 8| 3000860|13487| Mimo|64QAM| 28 | 28 | 50 |     0 |  Y |     |  Y |     | 36696 | 36696 | 73392 |         | 0 | 0 |    86400 |   0.85 |18045496| A A|    3 |     |   |  |
    |  3 | 841| 9| 3000860|13487| Mimo|64QAM| 28 | 28 | 50 |     0 |  Y |     |  Y |     | 36696 | 36696 | 73392 |         | 0 | 0 |    86400 |   0.85 |18049560| A A|    2 |     |   |  |
  2 |  * | 842| 0|      * |     |     |     |    |    |    |       |    |     |    |     |       |       |       |         |   |   |          |        |        |    |      |     |   |  |
    |  3 | 842| 0| 3000860|13487| Mimo|64QAM| 28 | 28 | 50 |     0 |  Y |     |  Y |     | 36696 | 36696 | 73392 |         | 0 | 0 |    81504 |   0.90 |18064664| A A|    1 |     |   |  |
    |  3 | 842| 1| 3000860|13487| Mimo|64QAM| 28 | 28 | 50 |     0 |  Y |     |  Y |     | 36696 | 36696 | 73392 |         | 0 | 0 |    86400 |   0.85 |18068720| A A|    0 |     |   |  |
    |  3 | 842| 2| 3000860|13487| Mimo|64QAM| 28 | 28 | 50 |     0 |  Y |     |  Y |     | 36696 | 36696 | 73392 |         | 0 | 0 |    86400 |   0.85 |18072784| A A|    7 |     |   |  |
  2 |  * | 842| 3|      * |     |     |     |    |    |    |       |    |     |    |     |       |       |       |         |   |   |          |        |        |    |      |     |   |  |
    |  3 | 842| 3| 3000860|13487| Mimo|64QAM| 28 | 28 | 50 |     0 |  Y |     |  Y |     | 36696 | 36696 | 73392 |         | 0 | 0 |    86400 |   0.85 |18102696| A A|    6 |     |   |  |
    |  3 | 842| 4| 3000860|13487| Mimo|64QAM| 28 | 28 | 50 |     0 |  Y |     |  Y |     | 36696 | 36696 | 73392 |         | 0 | 0 |    86400 |   0.85 |18106752| A A|    5 |     |   |  |
    |  2 | 842| 5|    SIB |65535|     | QPSK|  4 |    |  2 |       |  N |     |    |     |   120 |       |   120 |         | 2 |   |      576 |   0.21 |        |    |      |     |   |  |
    |  3 | 842| 5| 3000860|13487| Mimo|64QAM| 27 | 27 | 48 |     0 |  Y |     |  Y |     | 29296 | 29296 | 58592 |         | 0 | 0 |    72720 |   0.81 |18110808| A A|   63 |  15 | 15| 2|
    |  3 | 842| 5|    SIB |65535|     | QPSK|  4 |    |  2 |       |  N |     |    |     |   120 |       |   120 |         | 2 |   |      792 |   0.15 |        |    |      |     |   |  |
  2 |  * | 842| 6|      * |     |     |     |    |    |    |       |    |     |    |     |       |       |       |         |   |   |          |        |        |    |      |     |   |  |
    |  3 | 842| 6| 3000860|13487| Mimo|64QAM| 28 | 28 | 50 |     0 |  Y |     |  Y |     | 36696 | 36696 | 73392 |         | 0 | 0 |    86400 |   0.85 |18125920| A A|    3 |     |   |  |
    |  3 | 842| 7| 3000860|13487| Mimo|64QAM| 28 | 28 | 50 |     0 |  Y |     |  Y |     | 36696 | 36696 | 73392 |         | 0 | 0 |    86400 |   0.85 |18129976| A A|    2 |     |   |  |
    |  3 | 842| 8| 3000860|13487| Mimo|64QAM| 28 | 28 | 50 |     0 |  Y |     |  Y |     | 36696 | 36696 | 73392 |         | 0 | 0 |    86400 |   0.85 |18145088| A A|    1 |     |   |  |
    |  3 | 842| 9| 3000860|13487| Mimo|64QAM| 28 | 28 | 50 |     0 |  Y |     |  Y |     | 36696 | 36696 | 73392 |         | 0 | 0 |    86400 |   0.85 |18149144| A A|    0 |     |   |  |
  2 |  * | 843| 0|      * |     |     |     |    |    |    |       |    |     |    |     |       |       |       |         |   |   |          |        |        |    |      |     |   |  |
    |  3 | 843| 0| 3000860|13487| Mimo|64QAM| 28 | 28 | 50 |     0 |  Y |     |  Y |     | 36696 | 36696 | 73392 |         | 0 | 0 |    81504 |   0.90 |18153200| A A|    7 |     |   |  |
    |  3 | 843| 1| 3000860|13487| Mimo|64QAM| 28 | 28 | 50 |     0 |  Y |     |  Y |     | 36696 | 36696 | 73392 |         | 0 | 0 |    86400 |   0.85 |18168312| A A|    6 |     |   |  |
    |  3 | 843| 2| 3000860|13487| Mimo|64QAM| 28 | 28 | 50 |     0 |  Y |     |  Y |     | 36696 | 36696 | 73392 |         | 0 | 0 |    86400 |   0.85 |18183424| A A|    5 |     |   |  |
    |  3 | 843| 3| 3000860|13487| Mimo|64QAM| 28 | 28 | 50 |     0 |  Y |     |  Y |     | 36696 | 36696 | 73392 |         | 0 | 0 |    86400 |   0.85 |18176424| A A|    4 |     |   |  |
  2 |  * | 843| 4|      * |     |     |     |    |    |    |       |    |     |    |     |       |       |       |         |   |   |          |        |        |    |      |     |   |  |
    |  3 | 843| 4| 3000860|13487| Mimo|64QAM| 28 | 28 | 50 |     0 |  Y |     |  Y |     | 36696 | 36696 | 73392 |         | 0 | 0 |    86400 |   0.85 |18103120| A A|    3 |     |   |  |
    |  3 | 843| 5| 3000860|13487| Mimo|64QAM| 28 | 28 | 50 |     0 |  Y |     |  Y |     | 36696 | 36696 | 73392 |         | 0 | 0 |    84672 |   0.87 |18029816| A A|   63 |  15 | 15| 2|
    |  3 | 843| 6| 3000860|13487| Mimo|64QAM| 28 | 28 | 50 |     0 |  Y |     |  Y |     | 36696 | 36696 | 73392 |         | 0 | 0 |    86400 |   0.85 |17989664| A A|    1 |     |   |  |
  2 |  * | 843| 7|      * |     |     |     |    |    |    |       |    |     |    |     |       |       |       |         |   |   |          |        |        |    |      |     |   |  |
    |  3 | 843| 7| 3000860|13487| Mimo|64QAM| 28 | 28 | 50 |     0 |  Y |     |  Y |     | 36696 | 36696 | 73392 |         | 0 | 0 |    86400 |   0.85 |17993720| A A|    0 |     |   |  |
    |  3 | 843| 8| 3000860|13487| Mimo|64QAM| 28 | 28 | 50 |     0 |  Y |     |  Y |     | 36696 | 36696 | 73392 |         | 0 | 0 |    86400 |   0.85 |18008832| A A|    7 |     |   |  |
    |  3 | 843| 9| 3000860|13487| Mimo|64QAM| 28 | 28 | 50 |     0 |  Y |     |  Y |     | 36696 | 36696 | 73392 |         | 0 | 0 |    86400 |   0.85 |18012888| A A|    6 |     |   |  |
    |  3 | 844| 0| 3000860|13487| Mimo|64QAM| 28 | 28 | 50 |     0 |  Y |     |  Y |     | 36696 | 36696 | 73392 |         | 0 | 0 |    81504 |   0.90 |18028000| A A|    5 |     |   |  |
  2 |  * | 844| 1|      * |     |     |     |    |    |    |       |    |     |    |     |       |       |       |         |   |   |          |        |        |    |      |     |   |  |
    |  3 | 844| 1| 3000860|13487| Mimo|64QAM| 28 | 28 | 50 |     0 |  Y |     |  Y |     | 36696 | 36696 | 73392 |         | 0 | 0 |    86400 |   0.85 |18032056| A A|    4 |     |   |  |
    |  3 | 844| 2| 3000860|13487| Mimo|64QAM| 28 | 28 | 50 |     0 |  Y |     |  Y |     | 36696 | 36696 | 73392 |         | 0 | 0 |    86400 |   0.85 |18036112| A A|    3 |     |   |  |
    |  3 | 844| 3| 3000860|13487| Mimo|64QAM| 28 | 28 | 50 |     0 |  Y |     |  Y |     | 36696 | 36696 | 73392 |         | 0 | 0 |    86400 |   0.85 |18066016| A A|    2 |     |   |  |
    |  3 | 844| 4| 3000860|13487| Mimo|64QAM| 28 | 28 | 50 |     0 |  Y |     |  Y |     | 36696 | 36696 | 73392 |         | 0 | 0 |    86400 |   0.85 |18070080| A A|   63 |  15 |   |  |
lost|cell|sfn |sf|bbUeRef |rnti |mode |modul|mcs1|mcs2|prb |rbaType|ndf1|bler1|ndf2|bler2|tbs1   |tbs2   |tbsSum |tbsAvg   |rv1|rv2|rateBitSum|codeRate|assBits |harq|procId|bundl|cqi|ri|
  2 |  * | 844| 5|      * |     |     |     |    |    |    |       |    |     |    |     |       |       |       |         |   |   |          |        |        |    |      |     |   |  |
    |  2 | 844| 5|    SIB |65535|     | QPSK|  4 |    |  2 |       |  N |     |    |     |   120 |       |   120 |         | 3 |   |      576 |   0.21 |        |    |      |     |   |  |
    |  3 | 844| 5| 3000860|13487| Mimo|64QAM| 27 | 27 | 48 |     0 |  Y |     |  Y |     | 29296 | 29296 | 58592 |         | 0 | 0 |    72720 |   0.81 |18074136| A A|   63 |  15 | 15| 2|
    |  3 | 844| 5|    SIB |65535|     | QPSK|  4 |    |  2 |       |  N |     |    |     |   120 |       |   120 |         | 3 |   |      528 |   0.23 |        |    |      |     |   |  |
    |  3 | 844| 6| 3000860|13487| Mimo|64QAM| 28 | 28 | 50 |     0 |  Y |     |  Y |     | 36696 | 36696 | 73392 |         | 0 | 0 |    86400 |   0.85 |18100296| A A|    7 |     |   |  |
    |  3 | 844| 7| 3000860|13487| Mimo|64QAM| 28 | 28 | 50 |     0 |  Y |     |  Y |     | 36696 | 36696 | 73392 |         | 0 | 0 |    86400 |   0.85 |18104352| A A|    6 |     |   |  |
  2 |  * | 844| 8|      * |     |     |     |    |    |    |       |    |     |    |     |       |       |       |         |   |   |          |        |        |    |      |     |   |  |
    |  3 | 844| 8| 3000860|13487| Mimo|64QAM| 28 | 28 | 50 |     0 |  Y |     |  Y |     | 36696 | 36696 | 73392 |         | 0 | 0 |    86400 |   0.85 |18108408| A A|    5 |     |   |  |
    |  3 | 844| 9| 3000860|13487| Mimo|64QAM| 28 | 28 | 50 |     0 |  Y |     |  Y |     | 36696 | 36696 | 73392 |         | 0 | 0 |    86400 |   0.85 |18123520| A A|    4 |     |   |  |
    |  3 | 845| 0| 3000860|13487| Mimo|64QAM| 28 | 28 | 50 |     0 |  Y |     |  Y |     | 36696 | 36696 | 73392 |         | 0 | 0 |    81504 |   0.90 |18127576| A A|    3 |     |   |  |
  2 |  * | 845| 1|      * |     |     |     |    |    |    |       |    |     |    |     |       |       |       |         |   |   |          |        |        |    |      |     |   |  |
    |  3 | 845| 1| 3000860|13487| Mimo|64QAM| 28 | 28 | 50 |     0 |  Y |     |  Y |     | 36696 | 36696 | 73392 |         | 0 | 0 |    86400 |   0.85 |18131632| A A|    2 |     |   |  |
    |  3 | 845| 2| 3000860|13487| Mimo|64QAM| 28 | 28 | 50 |     0 |  Y |     |  Y |     | 36696 | 36696 | 73392 |         | 0 | 0 |    86400 |   0.85 |18146744| A A|    1 |     |   |  |
    |  3 | 845| 3| 3000860|13487| Mimo|64QAM| 28 | 28 | 50 |     0 |  Y |     |  Y |     | 36696 | 36696 | 73392 |         | 0 | 0 |    86400 |   0.85 |18161856| A A|    0 |     |   |  |
    |  3 | 845| 4| 3000860|13487| Mimo|64QAM| 28 | 28 | 50 |     0 |  Y |     |  Y |     | 36696 | 36696 | 73392 |         | 0 | 0 |    86400 |   0.85 |18143808| A A|    7 |     |   |  |
  2 |  * | 845| 5|      * |     |     |     |    |    |    |       |    |     |    |     |       |       |       |         |   |   |          |        |        |    |      |     |   |  |
    |  3 | 845| 5| 3000860|13487| Mimo|64QAM| 28 | 28 | 50 |     0 |  Y |     |  Y |     | 36696 | 36696 | 73392 |         | 0 | 0 |    84672 |   0.87 |18169968| A A|   63 |  15 | 15| 2|
    |  3 | 845| 6| 3000860|13487| Mimo|64QAM| 28 | 28 | 50 |     0 |  Y |     |  Y |     | 36696 | 36696 | 73392 |         | 0 | 0 |    86400 |   0.85 |18174024| A A|    5 |     |   |  |
    |  3 | 845| 7| 3000860|13487| Mimo|64QAM| 28 | 28 | 50 |     0 |  Y |     |  Y |     | 36696 | 36696 | 73392 |         | 0 | 0 |    86400 |   0.85 |18178080| A A|    4 |     |   |  |
    |  3 | 845| 8| 3000860|13487| Mimo|64QAM| 28 | 28 | 50 |     0 |  Y |     |  Y |     | 36696 | 36696 | 73392 |         | 0 | 0 |    86400 |   0.85 |18204248| A A|    3 |     |   |  |
  2 |  * | 845| 9|      * |     |     |     |    |    |    |       |    |     |    |     |       |       |       |         |   |   |          |        |        |    |      |     |   |  |
    |  3 | 845| 9| 3000860|13487| Mimo|64QAM| 28 | 28 | 50 |     0 |  Y |     |  Y |     | 36696 | 36696 | 73392 |         | 0 | 0 |    86400 |   0.85 |18197248|    |      |     |   |  |
    |  3 | 846| 0| 3000860|13487| Mimo|64QAM| 28 | 28 | 50 |     0 |  Y |     |  Y |     | 36696 | 36696 | 73392 |         | 0 | 0 |    81504 |   0.90 |        |    |      |     |   |  |
    |  3 | 846| 1| 3000860|13487| Mimo|64QAM| 28 | 28 | 50 |     0 |  Y |     |  Y |     | 36696 | 36696 | 73392 |         | 0 | 0 |    86400 |   0.85 |        |    |      |     |   |  |
 667|  * | 873| 5|      * |     |     |     |    |    |    |       |    |     |    |     |       |       |       |         |   |   |          |        |        |    |      |     |   |  |
    |  3 | 873| 5| 3000860|13487|     |     |    |    |    |       |    |     |    |     |       |       |       |         |   |   |          |        |18002304| A A|    6 |     |   |  |
    |  3 | 873| 6| 3000860|13487|     |     |    |    |    |       |    |     |    |     |       |       |       |         |   |   |          |        |        | A A|    5 |     |   |  |
3401|  * | 873| 7|      * |     |     |     |    |    |    |       |    |     |    |     |       |       |       |         |   |   |          |        |        |    |      |     |   |  |
    |  3 | 873| 7| 3000860|13487|     |64QAM| 28 | 28 | 50 |       |  Y |     |  Y |     | 36696 | 36696 | 73392 | 73392.0 | 0 | 0 |    86400 |   0.85 |17966216| A A|    4 |     |   |  |
  4 |  * | 873| 8|      * |     |     |     |    |    |    |       |    |     |    |     |       |       |       |         |   |   |          |        |        |    |      |     |   |  |
    |  3 | 873| 8| 3000860|13487| Mimo|64QAM| 28 | 28 | 50 |     0 |  Y |     |  Y |     | 36696 | 36696 | 73392 |         | 0 | 0 |    86400 |   0.85 |17970272| A A|    3 |     |   |  |
  2 |  * | 873| 9|      * |     |     |     |    |    |    |       |    |     |    |     |       |       |       |         |   |   |          |        |        |    |      |     |   |  |
    |  3 | 873| 9| 3000860|13487| Mimo|64QAM| 28 | 28 | 50 |     0 |  Y |     |  Y |     | 36696 | 36696 | 73392 |         | 0 | 0 |    86400 |   0.85 |17974328| A A|    2 |     |   |  |
  4 |  * | 874| 0|      * |     |     |     |    |    |    |       |    |     |    |     |       |       |       |         |   |   |          |        |        |    |      |     |   |  |
    |  3 | 874| 0| 3000860|13487| Mimo|64QAM| 28 | 28 | 50 |     0 |  Y |     |  Y |     | 36696 | 36696 | 73392 |         | 0 | 0 |    81504 |   0.90 |17989440| A A|    1 |     |   |  |
    |  3 | 874| 1| 3000860|13487| Mimo|64QAM| 28 | 28 | 50 |     0 |  Y |     |  Y |     | 36696 | 36696 | 73392 |         | 0 | 0 |    86400 |   0.85 |17993496| A A|    0 |     |   |  |
  2 |  * | 874| 2|      * |     |     |     |    |    |    |       |    |     |    |     |       |       |       |         |   |   |          |        |        |    |      |     |   |  |
    |  3 | 874| 2| 3000860|13487| Mimo|64QAM| 28 | 28 | 50 |     0 |  Y |     |  Y |     | 36696 | 36696 | 73392 |         | 0 | 0 |    86400 |   0.85 |18008608| A A|    7 |     |   |  |
    |  3 | 874| 3| 3000860|13487| Mimo|64QAM| 28 | 28 | 50 |     0 |  Y |     |  Y |     | 36696 | 36696 | 73392 |         | 0 | 0 |    86400 |   0.85 |18027464| A A|    6 |     |   |  |
  2 |  * | 874| 4|      * |     |     |     |    |    |    |       |    |     |    |     |       |       |       |         |   |   |          |        |        |    |      |     |   |  |
lost|cell|sfn |sf|bbUeRef |rnti |mode |modul|mcs1|mcs2|prb |rbaType|ndf1|bler1|ndf2|bler2|tbs1   |tbs2   |tbsSum |tbsAvg   |rv1|rv2|rateBitSum|codeRate|assBits |harq|procId|bundl|cqi|ri|
    |  3 | 874| 4| 3000860|13487| Mimo|64QAM| 28 | 28 | 50 |     0 |  Y |     |  Y |     | 36696 | 36696 | 73392 |         | 0 | 0 |    86400 |   0.85 |18042568| A A|   63 |  15 |   |  |
    |  2 | 874| 5|    SIB |65535|     | QPSK|  4 |    |  2 |       |  N |     |    |     |   120 |       |   120 |   120.0 | 2 |   |      576 |   0.21 |        |    |      |     |   |  |
    |  3 | 874| 5| 3000860|13487| Mimo|64QAM| 27 | 27 | 48 |     0 |  Y |     |  Y |     | 29296 | 29296 | 58592 |         | 0 | 0 |    72720 |   0.81 |18046624| A A|   63 |  15 | 15| 2|
    |  3 | 874| 5|    SIB |65535|     | QPSK|  4 |    |  2 |       |  N |     |    |     |   120 |       |   120 |   120.0 | 2 |   |      792 |   0.15 |        |    |      |     |   |  |
    |  3 | 874| 6| 3000860|13487| Mimo|64QAM| 28 | 28 | 50 |     0 |  Y |     |  Y |     | 36696 | 36696 | 73392 |         | 0 | 0 |    86400 |   0.85 |18050688| A A|    3 |     |   |  |
  2 |  * | 874| 7|      * |     |     |     |    |    |    |       |    |     |    |     |       |       |       |         |   |   |          |        |        |    |      |     |   |  |
    |  3 | 874| 7| 3000860|13487| Mimo|64QAM| 28 | 28 | 50 |     0 |  Y |     |  Y |     | 36696 | 36696 | 73392 |         | 0 | 0 |    86400 |   0.85 |18065792| A A|    2 |     |   |  |
  4 |  * | 874| 8|      * |     |     |     |    |    |    |       |    |     |    |     |       |       |       |         |   |   |          |        |        |    |      |     |   |  |
    |  3 | 874| 8| 3000860|13487| Mimo|64QAM| 28 | 28 | 50 |     0 |  Y |     |  Y |     | 36696 | 36696 | 73392 |         | 0 | 0 |    86400 |   0.85 |18080904| A A|    1 |     |   |  |
    |  3 | 874| 9| 3000860|13487| Mimo|64QAM| 28 | 28 | 50 |     0 |  Y |     |  Y |     | 36696 | 36696 | 73392 |         | 0 | 0 |    86400 |   0.85 |18084960| A A|    0 |     |   |  |
    |  3 | 875| 0| 3000860|13487| Mimo|64QAM| 28 | 28 | 50 |     0 |  Y |     |  Y |     | 36696 | 36696 | 73392 |         | 0 | 0 |    81504 |   0.90 |18089016| A A|    7 |     |   |  |
  2 |  * | 875| 1|      * |     |     |     |    |    |    |       |    |     |    |     |       |       |       |         |   |   |          |        |        |    |      |     |   |  |
    |  3 | 875| 1| 3000860|13487| Mimo|64QAM| 28 | 28 | 50 |     0 |  Y |     |  Y |     | 36696 | 36696 | 73392 |         | 0 | 0 |    86400 |   0.85 |18093080| A A|    6 |     |   |  |
    |  3 | 875| 2| 3000860|13487| Mimo|64QAM| 28 | 28 | 50 |     0 |  Y |     |  Y |     | 36696 | 36696 | 73392 |         | 0 | 0 |    86400 |   0.85 |18108184| A A|    5 |     |   |  |
    |  3 | 875| 3| 3000860|13487| Mimo|64QAM| 28 | 28 | 50 |     0 |  Y |     |  Y |     | 36696 | 36696 | 73392 |         | 0 | 0 |    86400 |   0.85 |18011616|    |    0 |     |   |  |
  2 |  * | 875| 4|      * |     |     |     |    |    |    |       |    |     |    |     |       |       |       |         |   |   |          |        |        |    |      |     |   |  |
    |  3 | 875| 4| 3000860|13487| Mimo|64QAM| 28 | 28 | 50 |     0 |  Y |     |  Y |     | 36696 | 36696 | 73392 |         | 0 | 0 |    86400 |   0.85 |18015672|    |    7 |     |   |  |
3131|  * | 905| 5|      * |     |     |     |    |    |    |       |    |     |    |     |       |       |       |         |   |   |          |        |        |    |      |     |   |  |
    |  3 | 905| 5| 3000860|13487|     |     |    |    |    |       |    |     |    |     |       |       |       |         |   |   |          |        |        |    |      |     | 15| 2|
 608|  * | 905| 6|      * |     |     |     |    |    |    |       |    |     |    |     |       |       |       |         |   |   |          |        |        |    |      |     |   |  |
    |  3 | 905| 6| 3000860|13487|     |     |    |    |    |       |    |     |    |     |       |       |       |         |   |   |          |        |        | A A|    5 |     |   |  |
    |  3 | 905| 7| 3000860|13487|     |64QAM| 28 | 28 |    |       |  Y |     |  Y |     | 36696 | 36696 | 73392 | 73392.0 | 0 | 0 |    86400 |   0.85 |18134136| A A|    4 |     |   |  |
 734|  * | 905| 8|      * |     |     |     |    |    |    |       |    |     |    |     |       |       |       |         |   |   |          |        |        |    |      |     |   |  |
    |  3 | 905| 8| 3000860|13487| Mimo|64QAM| 28 | 28 | 50 |     0 |  Y |     |  Y |     | 36696 | 36696 | 73392 |         | 0 | 0 |    86400 |   0.85 |18149248| A A|    3 |     |   |  |
  2 |  * | 905| 9|      * |     |     |     |    |    |    |       |    |     |    |     |       |       |       |         |   |   |          |        |        |    |      |     |   |  |
    |  3 | 905| 9| 3000860|13487| Mimo|64QAM| 28 | 28 | 50 |     0 |  Y |     |  Y |     | 36696 | 36696 | 73392 |         | 0 | 0 |    86400 |   0.85 |18153304| A A|    2 |     |   |  |
    |  3 | 906| 0| 3000860|13487| Mimo|64QAM| 28 | 28 | 50 |     0 |  Y |     |  Y |     | 36696 | 36696 | 73392 |         | 0 | 0 |    81504 |   0.90 |18168416| A A|    1 |     |   |  |
  2 |  * | 906| 1|      * |     |     |     |    |    |    |       |    |     |    |     |       |       |       |         |   |   |          |        |        |    |      |     |   |  |
    |  3 | 906| 1| 3000860|13487| Mimo|64QAM| 28 | 28 | 50 |     0 |  Y |     |  Y |     | 36696 | 36696 | 73392 |         | 0 | 0 |    86400 |   0.85 |18172472| A A|    0 |     |   |  |
    |  3 | 906| 2| 3000860|13487| Mimo|64QAM| 28 | 28 | 50 |     0 |  Y |     |  Y |     | 36696 | 36696 | 73392 |         | 0 | 0 |    86400 |   0.85 |18176528| A A|    7 |     |   |  |
    |  3 | 906| 3| 3000860|13487| Mimo|64QAM| 28 | 28 | 50 |     0 |  Y |     |  Y |     | 36696 | 36696 | 73392 |         | 0 | 0 |    86400 |   0.85 |18140128| A A|    6 |     |   |  |
  2 |  * | 906| 4|      * |     |     |     |    |    |    |       |    |     |    |     |       |       |       |         |   |   |          |        |        |    |      |     |   |  |
    |  3 | 906| 4| 3000860|13487| Mimo|64QAM| 28 | 28 | 50 |     0 |  Y |     |  Y |     | 36696 | 36696 | 73392 |         | 0 | 0 |    86400 |   0.85 |18066816| A A|    5 |     |   |  |
    |  2 | 906| 5|    SIB |65535|     | QPSK|  4 |    |  2 |       |  N |     |    |     |   120 |       |   120 |   120.0 | 2 |   |      576 |   0.21 |        |    |      |     |   |  |
    |  3 | 906| 5| 3000860|13487| Mimo|64QAM| 27 | 27 | 48 |     0 |  Y |  0% |  Y |  0% | 29296 | 29296 | 58592 |         | 0 | 0 |    72720 |   0.81 |17993512| A A|   63 |  15 | 15| 2|
    |  3 | 906| 5|    SIB |65535|     | QPSK|  4 |    |  2 |       |  N |     |    |     |   120 |       |   120 |   120.0 | 2 |   |      792 |   0.15 |        |    |      |     |   |  |
    |  3 | 906| 6| 3000860|13487| Mimo|64QAM| 28 | 28 | 50 |     0 |  Y |  0% |  Y |  0% | 36696 | 36696 | 73392 |         | 0 | 0 |    86400 |   0.85 |17953360| A A|    3 |     |   |  |
    |  3 | 906| 7| 3000860|13487| Mimo|64QAM| 28 | 28 | 50 |     0 |  Y |  0% |  Y |  0% | 36696 | 36696 | 73392 |         | 0 | 0 |    86400 |   0.85 |17957416| A A|    2 |     |   |  |
  2 |  * | 906| 8|      * |     |     |     |    |    |    |       |    |     |    |     |       |       |       |         |   |   |          |        |        |    |      |     |   |  |
    |  3 | 906| 8| 3000860|13487| Mimo|64QAM| 28 | 28 | 50 |     0 |  Y |  0% |  Y |  0% | 36696 | 36696 | 73392 |         | 0 | 0 |    86400 |   0.85 |17972528| A A|    1 |     |   |  |
lost|cell|sfn |sf|bbUeRef |rnti |mode |modul|mcs1|mcs2|prb |rbaType|ndf1|bler1|ndf2|bler2|tbs1   |tbs2   |tbsSum |tbsAvg   |rv1|rv2|rateBitSum|codeRate|assBits |harq|procId|bundl|cqi|ri|
    |  3 | 906| 9| 3000860|13487| Mimo|64QAM| 28 | 28 | 50 |     0 |  Y |  0% |  Y |  0% | 36696 | 36696 | 73392 |         | 0 | 0 |    86400 |   0.85 |17976584| A A|    0 |     |   |  |
    |  3 | 907| 0| 3000860|13487| Mimo|64QAM| 28 | 28 | 50 |     0 |  Y |  0% |  Y |  0% | 36696 | 36696 | 73392 |         | 0 | 0 |    81504 |   0.90 |17980640| A A|    7 |     |   |  |
  2 |  * | 907| 1|      * |     |     |     |    |    |    |       |    |     |    |     |       |       |       |         |   |   |          |        |        |    |      |     |   |  |
    |  3 | 907| 1| 3000860|13487| Mimo|64QAM| 28 | 28 | 50 |     0 |  Y |  0% |  Y |  0% | 36696 | 36696 | 73392 |         | 0 | 0 |    86400 |   0.85 |17995752| A A|    6 |     |   |  |
    |  3 | 907| 2| 3000860|13487| Mimo|64QAM| 28 | 28 | 50 |     0 |  Y |  0% |  Y |  0% | 36696 | 36696 | 73392 |         | 0 | 0 |    86400 |   0.85 |18010864| A A|    5 |     |   |  |
    |  3 | 907| 3| 3000860|13487| Mimo|64QAM| 28 | 28 | 50 |     0 |  Y |  0% |  Y |  0% | 36696 | 36696 | 73392 |         | 0 | 0 |    86400 |   0.85 |18003872| A A|    4 |     |   |  |
    |  3 | 907| 4| 3000860|13487| Mimo|64QAM| 28 | 28 | 50 |     0 |  Y |  0% |  Y |  0% | 36696 | 36696 | 73392 |         | 0 | 0 |    86400 |   0.85 |18030032|    |   63 |  15 |   |  |
  2 |  * | 907| 5|      * |     |     |     |    |    |    |       |    |     |    |     |       |       |       |         |   |   |          |        |        |    |      |     |   |  |
    |  3 | 907| 5| 3000860|13487| Mimo|64QAM| 28 | 28 | 50 |     0 |  Y |  0% |  Y |  0% | 36696 | 36696 | 73392 |         | 0 | 0 |    84672 |   0.87 |        |    |   63 |  15 |   |  |
    |  3 | 907| 6| 3000860|13487| Mimo|64QAM| 28 | 28 | 50 |     0 |  Y |  0% |  Y |  0% | 36696 | 36696 | 73392 |         | 0 | 0 |    86400 |   0.85 |        |    |      |     |   |  |
3404|  * | 940| 4|      * |     |     |     |    |    |    |       |    |     |    |     |       |       |       |         |   |   |          |        |        |    |      |     |   |  |
    |  3 | 940| 4| 3000860|13487|     |     |    |    |    |       |    |     |    |     |       |       |       |         |   |   |          |        |        | A A|    1 |     |   |  |
 661|  * | 940| 5|      * |     |     |     |    |    |    |       |    |     |    |     |       |       |       |         |   |   |          |        |        |    |      |     |   |  |
    |  3 | 940| 5| 3000860|13487|     |     |    |    |    |       |    |     |    |     |       |       |       |         |   |   |          |        |17992176| A A|    0 |     |   |  |
    |  3 | 940| 6| 3000860|13487|     |64QAM| 28 | 28 |    |       |  Y |  0% |  Y |  0% | 36696 | 36696 | 73392 | 73392.0 | 0 | 0 |    86400 |   0.85 |17996232| A A|    7 |     | 15| 2|
 799|  * | 940| 7|      * |     |     |     |    |    |    |       |    |     |    |     |       |       |       |         |   |   |          |        |        |    |      |     |   |  |
    |  3 | 940| 7| 3000860|13487| Mimo|64QAM| 28 | 28 | 50 |     0 |  Y |  0% |  Y |  0% | 36696 | 36696 | 73392 |         | 0 | 0 |    86400 |   0.85 |18000288| A A|    6 |     |   |  |
    |  3 | 940| 8| 3000860|13487| Mimo|64QAM| 28 | 28 | 50 |     0 |  Y |  0% |  Y |  0% | 36696 | 36696 | 73392 |         | 0 | 0 |    86400 |   0.85 |18015400| A A|    5 |     |   |  |
    |  3 | 940| 9| 3000860|13487| Mimo|64QAM| 28 | 28 | 50 |     0 |  Y |  0% |  Y |  0% | 36696 | 36696 | 73392 |         | 0 | 0 |    86400 |   0.85 |18019456| A A|    4 |     |   |  |
  2 |  * | 941| 0|      * |     |     |     |    |    |    |       |    |     |    |     |       |       |       |         |   |   |          |        |        |    |      |     |   |  |
    |  3 | 941| 0| 3000860|13487| Mimo|64QAM| 28 | 28 | 50 |     0 |  Y |  0% |  Y |  0% | 36696 | 36696 | 73392 |         | 0 | 0 |    81504 |   0.90 |18034568| A A|    3 |     |   |  |
    |  3 | 941| 1| 3000860|13487| Mimo|64QAM| 28 | 28 | 50 |     0 |  Y |  0% |  Y |  0% | 36696 | 36696 | 73392 |         | 0 | 0 |    86400 |   0.85 |18038624| A A|    2 |     |   |  |
    |  3 | 941| 2| 3000860|13487| Mimo|64QAM| 28 | 28 | 50 |     0 |  Y |  0% |  Y |  0% | 36696 | 36696 | 73392 |         | 0 | 0 |    86400 |   0.85 |18042680| A A|    1 |     |   |  |
  2 |  * | 941| 3|      * |     |     |     |    |    |    |       |    |     |    |     |       |       |       |         |   |   |          |        |        |    |      |     |   |  |
    |  3 | 941| 3| 3000860|13487| Mimo|64QAM| 28 | 28 | 50 |     0 |  Y |  0% |  Y |  0% | 36696 | 36696 | 73392 |         | 0 | 0 |    86400 |   0.85 |18057792| A A|    0 |     |   |  |
    |  3 | 941| 4| 3000860|13487| Mimo|64QAM| 28 | 28 | 50 |     0 |  Y |  0% |  Y |  0% | 36696 | 36696 | 73392 |         | 0 | 0 |    86400 |   0.85 |18072904| A A|    7 |     |   |  |
    |  3 | 941| 5| 3000860|13487| Mimo|64QAM| 28 | 28 | 50 |     0 |  Y |  0% |  Y |  0% | 36696 | 36696 | 73392 |         | 0 | 0 |    84672 |   0.87 |18065904| A A|    6 |     |   |  |
    |  3 | 941| 6| 3000860|13487| Mimo|64QAM| 28 | 28 | 50 |     0 |  Y |  0% |  Y |  0% | 36696 | 36696 | 73392 |         | 0 | 0 |    86400 |   0.85 |18081016| A A|   63 |  15 | 15| 2|
  2 |  * | 941| 7|      * |     |     |     |    |    |    |       |    |     |    |     |       |       |       |         |   |   |          |        |        |    |      |     |   |  |
    |  3 | 941| 7| 3000860|13487| Mimo|64QAM| 28 | 28 | 50 |     0 |  Y |  0% |  Y |  0% | 36696 | 36696 | 73392 |         | 0 | 0 |    86400 |   0.85 |18096128| A A|    4 |     |   |  |
    |  3 | 941| 8| 3000860|13487| Mimo|64QAM| 28 | 28 | 50 |     0 |  Y |  0% |  Y |  0% | 36696 | 36696 | 73392 |         | 0 | 0 |    86400 |   0.85 |18089128| A A|    3 |     |   |  |
    |  3 | 941| 9| 3000860|13487| Mimo|64QAM| 28 | 28 | 50 |     0 |  Y |  0% |  Y |  0% | 36696 | 36696 | 73392 |         | 0 | 0 |    86400 |   0.85 |18104240| A A|    2 |     |   |  |
    |  3 | 942| 0| 3000860|13487| Mimo|64QAM| 28 | 28 | 50 |     0 |  Y |  0% |  Y |  0% | 36696 | 36696 | 73392 |         | 0 | 0 |    81504 |   0.90 |18108296| A A|    1 |     |   |  |
  2 |  * | 942| 1|      * |     |     |     |    |    |    |       |    |     |    |     |       |       |       |         |   |   |          |        |        |    |      |     |   |  |
    |  3 | 942| 1| 3000860|13487| Mimo|64QAM| 28 | 28 | 50 |     0 |  Y |  0% |  Y |  0% | 36696 | 36696 | 73392 |         | 0 | 0 |    86400 |   0.85 |18134456| A A|    0 |     |   |  |
    |  3 | 942| 2| 3000860|13487| Mimo|64QAM| 28 | 28 | 50 |     0 |  Y |  0% |  Y |  0% | 36696 | 36696 | 73392 |         | 0 | 0 |    86400 |   0.85 |18138520| A A|    7 |     |   |  |
    |  3 | 942| 3| 3000860|13487| Mimo|64QAM| 28 | 28 | 50 |     0 |  Y |  0% |  Y |  0% | 36696 | 36696 | 73392 |         | 0 | 0 |    86400 |   0.85 |18146328|    |    2 |     |   |  |
  2 |  * | 942| 4|      * |     |     |     |    |    |    |       |    |     |    |     |       |       |       |         |   |   |          |        |        |    |      |     |   |  |
    |  3 | 942| 4| 3000860|13487| Mimo|64QAM| 28 | 28 | 50 |     0 |  Y |  0% |  Y |  0% | 36696 | 36696 | 73392 |         | 0 | 0 |    86400 |   0.85 |18034952|    |    1 |     |   |  |
    |  2 | 942| 5|    SIB |65535|     | QPSK|  4 |    |  2 |       |    |     |    |     |   120 |       |   120 |   120.0 | 1 |   |          |        |        |    |      |     |   |  |
lost|cell|sfn |sf|bbUeRef |rnti |mode |modul|mcs1|mcs2|prb |rbaType|ndf1|bler1|ndf2|bler2|tbs1   |tbs2   |tbsSum |tbsAvg   |rv1|rv2|rateBitSum|codeRate|assBits |harq|procId|bundl|cqi|ri|
    |  3 | 942| 5| 3000860|13487| Mimo|64QAM| 27 | 27 | 48 |     0 |  Y |  0% |  Y |  0% | 29296 | 29296 | 58592 |         | 0 | 0 |    72720 |   0.81 |        |    |      |     |   |  |
    |  3 | 942| 5|    SIB |65535|     | QPSK|  4 |    |  2 |       |    |     |    |     |   120 |       |   120 |   120.0 | 1 |   |          |        |        |    |      |     |   |  |
 803|  * | 976| 0|      * |     |     |     |    |    |    |       |    |     |    |     |       |       |       |         |   |   |          |        |        |    |      |     |   |  |
    |  3 | 976| 0| 3000860|13487|     |     |    |    |    |       |    |     |    |     |       |       |       |         |   |   |          |        |17955784| A A|    5 |     |   |  |
 675|  * | 976| 1|      * |     |     |     |    |    |    |       |    |     |    |     |       |       |       |         |   |   |          |        |        |    |      |     |   |  |
    |  3 | 976| 1| 3000860|13487|     |     |    |    |    |       |    |     |    |     |       |       |       |         |   |   |          |        |17970896| A A|    4 |     |   |  |
    |  3 | 976| 2| 3000860|13487|     |64QAM| 28 | 28 |    |       |  Y |  0% |  Y |  0% | 36696 | 36696 | 73392 | 73392.0 | 0 | 0 |    86400 |   0.85 |17974952| A A|    3 |     |   |  |
3436|  * | 976| 3|      * |     |     |     |    |    |    |       |    |     |    |     |       |       |       |         |   |   |          |        |        |    |      |     |   |  |
    |  3 | 976| 3| 3000860|13487| Mimo|64QAM| 28 | 28 | 50 |     0 |  Y |  0% |  Y |  0% | 36696 | 36696 | 73392 |         | 0 | 0 |    86400 |   0.85 |18004864| A A|    2 |     |   |  |
    |  3 | 976| 4| 3000860|13487| Mimo|64QAM| 28 | 28 | 50 |     0 |  Y |  0% |  Y |  0% | 36696 | 36696 | 73392 |         | 0 | 0 |    86400 |   0.85 |18019968| A A|    1 |     |   |  |
  2 |  * | 976| 5|      * |     |     |     |    |    |    |       |    |     |    |     |       |       |       |         |   |   |          |        |        |    |      |     |   |  |
    |  2 | 976| 5|    SIB |65535|     | QPSK|  4 |    |  2 |       |  Y |     |    |     |   120 |       |   120 |   120.0 | 0 |   |      864 |   0.14 |    120 |    |      |     |   |  |
    |  3 | 976| 5| 3000860|13487| Mimo|64QAM| 27 | 27 | 48 |     0 |  Y |  0% |  Y |  0% | 29296 | 29296 | 58592 |         | 0 | 0 |    72720 |   0.81 |18024024| A A|    0 |     |   |  |
    |  3 | 976| 5|    SIB |65535|     | QPSK|  4 |    |  2 |       |  Y |     |    |     |   120 |       |   120 |   120.0 | 0 |   |      792 |   0.15 |    120 |    |      |     |   |  |
    |  3 | 976| 6| 3000860|13487| Mimo|64QAM| 28 | 28 | 50 |     0 |  Y |  0% |  Y |  0% | 36696 | 36696 | 73392 |         | 0 | 0 |    86400 |   0.85 |18028088| A A|   63 |  15 | 15| 2|
    |  3 | 976| 7| 3000860|13487| Mimo|64QAM| 28 | 28 | 50 |     0 |  Y |  0% |  Y |  0% | 36696 | 36696 | 73392 |         | 0 | 0 |    86400 |   0.85 |18043192| A A|    6 |     |   |  |
  2 |  * | 976| 8|      * |     |     |     |    |    |    |       |    |     |    |     |       |       |       |         |   |   |          |        |        |    |      |     |   |  |
    |  3 | 976| 8| 3000860|13487| Mimo|64QAM| 28 | 28 | 50 |     0 |  Y |  0% |  Y |  0% | 36696 | 36696 | 73392 |         | 0 | 0 |    86400 |   0.85 |18047248| A A|    5 |     |   |  |
    |  3 | 976| 9| 3000860|13487| Mimo|64QAM| 28 | 28 | 50 |     0 |  Y |  0% |  Y |  0% | 36696 | 36696 | 73392 |         | 0 | 0 |    86400 |   0.85 |18062360| A A|    4 |     |   |  |
    |  3 | 977| 0| 3000860|13487| Mimo|64QAM| 28 | 28 | 50 |     0 |  Y |  0% |  Y |  0% | 36696 | 36696 | 73392 |         | 0 | 0 |    81504 |   0.90 |18055368| A A|    3 |     |   |  |
    |  3 | 977| 1| 3000860|13487| Mimo|64QAM| 28 | 28 | 50 |     0 |  Y |  0% |  Y |  0% | 36696 | 36696 | 73392 |         | 0 | 0 |    86400 |   0.85 |18070480| A A|    2 |     |   |  |
  2 |  * | 977| 2|      * |     |     |     |    |    |    |       |    |     |    |     |       |       |       |         |   |   |          |        |        |    |      |     |   |  |
    |  3 | 977| 2| 3000860|13487| Mimo|64QAM| 28 | 28 | 50 |     0 |  Y |  0% |  Y |  0% | 36696 | 36696 | 73392 |         | 0 | 0 |    86400 |   0.85 |18085584| A A|    1 |     |   |  |
    |  3 | 977| 3| 3000860|13487| Mimo|64QAM| 28 | 28 | 50 |     0 |  Y |  0% |  Y |  0% | 36696 | 36696 | 73392 |         | 0 | 0 |    86400 |   0.85 |18089640| A A|    0 |     |   |  |
    |  3 | 977| 4| 3000860|13487| Mimo|64QAM| 28 | 28 | 50 |     0 |  Y |  0% |  Y |  0% | 36696 | 36696 | 73392 |         | 0 | 0 |    86400 |   0.85 |18104752| A A|    7 |     |   |  |
    |  3 | 977| 5| 3000860|13487| Mimo|64QAM| 28 | 28 | 50 |     0 |  Y |  0% |  Y |  0% | 36696 | 36696 | 73392 |         | 0 | 0 |    84672 |   0.87 |18097760| A A|    6 |     |   |  |
  2 |  * | 977| 6|      * |     |     |     |    |    |    |       |    |     |    |     |       |       |       |         |   |   |          |        |        |    |      |     |   |  |
    |  3 | 977| 6| 3000860|13487| Mimo|64QAM| 28 | 28 | 50 |     0 |  Y |  0% |  Y |  0% | 36696 | 36696 | 73392 |         | 0 | 0 |    86400 |   0.85 |18123920| A A|   63 |  15 | 15| 2|
    |  3 | 977| 7| 3000860|13487| Mimo|64QAM| 28 | 28 | 50 |     0 |  Y |  0% |  Y |  0% | 36696 | 36696 | 73392 |         | 0 | 0 |    86400 |   0.85 |18127976| A A|    4 |     |   |  |
    |  3 | 977| 8| 3000860|13487| Mimo|64QAM| 28 | 28 | 50 |     0 |  Y |  0% |  Y |  0% | 36696 | 36696 | 73392 |         | 0 | 0 |    86400 |   0.85 |18132032| A A|    3 |     |   |  |
  2 |  * | 977| 9|      * |     |     |     |    |    |    |       |    |     |    |     |       |       |       |         |   |   |          |        |        |    |      |     |   |  |
    |  3 | 977| 9| 3000860|13487| Mimo|64QAM| 28 | 28 | 50 |     0 |  Y |  0% |  Y |  0% | 36696 | 36696 | 73392 |         | 0 | 0 |    86400 |   0.85 |18136088| A A|    2 |     |   |  |
    |  3 | 978| 0| 3000860|13487| Mimo|64QAM| 28 | 28 | 50 |     0 |  Y |  0% |  Y |  0% | 36696 | 36696 | 73392 |         | 0 | 0 |    81504 |   0.90 |        |    |      |     |   |  |
    |  3 | 978| 1| 3000860|13487| Mimo|64QAM| 28 | 28 | 50 |     0 |  Y |  0% |  Y |  0% | 36696 | 36696 | 73392 |         | 0 | 0 |    86400 |   0.85 |        |    |      |     |   |  |
 788|  * |1011| 0|      * |     |     |     |    |    |    |       |    |     |    |     |       |       |       |         |   |   |          |        |        |    |      |     |   |  |
    |  3 |1011| 0| 3000860|13487|     |64QAM| 28 | 28 |    |       |  Y |  0% |  Y |  0% | 36696 | 36696 | 73392 | 73392.0 | 0 | 0 |    81504 |   0.90 |18153464| A A|    7 |     |   |  |
 663|  * |1011| 1|      * |     |     |     |    |    |    |       |    |     |    |     |       |       |       |         |   |   |          |        |        |    |      |     |   |  |
    |  3 |1011| 1| 3000860|13487|     |64QAM| 28 | 28 |    |       |  Y |  0% |  Y |  0% | 36696 | 36696 | 73392 |         | 0 | 0 |    86400 |   0.85 |18157520| A A|    6 |     |   |  |
  2 |  * |1011| 2|      * |     |     |     |    |    |    |       |    |     |    |     |       |       |       |         |   |   |          |        |        |    |      |     |   |  |
    |  3 |1011| 2| 3000860|13487|     |64QAM| 28 | 28 |    |       |  Y |  0% |  Y |  0% | 36696 | 36696 | 73392 |         | 0 | 0 |    86400 |   0.85 |18172632| A A|    5 |     |   |  |
lost|cell|sfn |sf|bbUeRef |rnti |mode |modul|mcs1|mcs2|prb |rbaType|ndf1|bler1|ndf2|bler2|tbs1   |tbs2   |tbsSum |tbsAvg   |rv1|rv2|rateBitSum|codeRate|assBits |harq|procId|bundl|cqi|ri|
3367|  * |1011| 3|      * |     |     |     |    |    |    |       |    |     |    |     |       |       |       |         |   |   |          |        |        |    |      |     |   |  |
    |  3 |1011| 3| 3000860|13487| Mimo|64QAM| 28 | 28 | 50 |     0 |  Y |  0% |  Y |  0% | 36696 | 36696 | 73392 |         | 0 | 0 |    86400 |   0.85 |18165640| A A|    4 |     |   |  |
    |  3 |1011| 4| 3000860|13487| Mimo|64QAM| 28 | 28 | 50 |     0 |  Y |  0% |  Y |  0% | 36696 | 36696 | 73392 |         | 0 | 0 |    86400 |   0.85 |18092336| A A|    3 |     |   |  |
    |  3 |1011| 5| 3000860|13487| Mimo|64QAM| 28 | 28 | 50 |     0 |  Y |  0% |  Y |  0% | 36696 | 36696 | 73392 |         | 0 | 0 |    84672 |   0.87 |18019024| A A|    2 |     |   |  |
    |  3 |1011| 6| 3000860|13487| Mimo|64QAM| 28 | 28 | 50 |     0 |  Y |  0% |  Y |  0% | 36696 | 36696 | 73392 |         | 0 | 0 |    86400 |   0.85 |17945720| A A|   63 |  15 | 15| 2|
  2 |  * |1011| 7|      * |     |     |     |    |    |    |       |    |     |    |     |       |       |       |         |   |   |          |        |        |    |      |     |   |  |
    |  3 |1011| 7| 3000860|13487| Mimo|64QAM| 28 | 28 | 50 |     0 |  Y |  0% |  Y |  0% | 36696 | 36696 | 73392 |         | 0 | 0 |    86400 |   0.85 |17894520| A A|    0 |     |   |  |
    |  3 |1011| 8| 3000860|13487| Mimo|64QAM| 28 | 28 | 50 |     0 |  Y |  0% |  Y |  0% | 36696 | 36696 | 73392 |         | 0 | 0 |    86400 |   0.85 |17898576| A A|    7 |     |   |  |
    |  3 |1011| 9| 3000860|13487| Mimo|64QAM| 28 | 28 | 50 |     0 |  Y |  0% |  Y |  0% | 36696 | 36696 | 73392 |         | 0 | 0 |    86400 |   0.85 |17913680| A A|    6 |     |   |  |
    |  3 |1012| 0| 3000860|13487| Mimo|64QAM| 28 | 28 | 50 |     0 |  Y |  0% |  Y |  0% | 36696 | 36696 | 73392 |         | 0 | 0 |    81504 |   0.90 |17917744| A A|    5 |     |   |  |
  2 |  * |1012| 1|      * |     |     |     |    |    |    |       |    |     |    |     |       |       |       |         |   |   |          |        |        |    |      |     |   |  |
    |  3 |1012| 1| 3000860|13487| Mimo|64QAM| 28 | 28 | 50 |     0 |  Y |  0% |  Y |  0% | 36696 | 36696 | 73392 |         | 0 | 0 |    86400 |   0.85 |17921800| A A|    4 |     |   |  |
    |  3 |1012| 2| 3000860|13487| Mimo|64QAM| 28 | 28 | 50 |     0 |  Y |  0% |  Y |  0% | 36696 | 36696 | 73392 |         | 0 | 0 |    86400 |   0.85 |17936904| A A|    3 |     |   |  |
    |  3 |1012| 3| 3000860|13487| Mimo|64QAM| 28 | 28 | 50 |     0 |  Y |  0% |  Y |  0% | 36696 | 36696 | 73392 |         | 0 | 0 |    86400 |   0.85 |17966816| A A|    2 |     |   |  |
    |  3 |1012| 4| 3000860|13487| Mimo|64QAM| 28 | 28 | 50 |     0 |  Y |  0% |  Y |  0% | 36696 | 36696 | 73392 |         | 0 | 0 |    86400 |   0.85 |17970872| A A|    1 |     |   |  |
  2 |  * |1012| 5|      * |     |     |     |    |    |    |       |    |     |    |     |       |       |       |         |   |   |          |        |        |    |      |     |   |  |
    |  2 |1012| 5|    SIB |65535|     | QPSK|  4 |    |  2 |       |  N |     |    |     |   120 |       |   120 |   120.0 | 3 |   |      576 |   0.21 |        |    |      |     |   |  |
    |  3 |1012| 5| 3000860|13487| Mimo|64QAM| 27 | 27 | 48 |     0 |  Y |  0% |  Y |  0% | 29296 | 29296 | 58592 |         | 0 | 0 |    72720 |   0.81 |17985984| A A|    0 |     |   |  |
    |  3 |1012| 5|    SIB |65535|     | QPSK|  4 |    |  2 |       |  N |     |    |     |   120 |       |   120 |   120.0 | 3 |   |      528 |   0.23 |        |    |      |     |   |  |
    |  3 |1012| 6| 3000860|13487| Mimo|64QAM| 28 | 28 | 50 |     0 |  Y |  0% |  Y |  0% | 36696 | 36696 | 73392 |         | 0 | 0 |    86400 |   0.85 |17978984| A A|   63 |  15 | 15| 2|
    |  3 |1012| 7| 3000860|13487| Mimo|64QAM| 28 | 28 | 50 |     0 |  Y |  0% |  Y |  0% | 36696 | 36696 | 73392 |         | 0 | 0 |    86400 |   0.85 |17983048| A A|    6 |     |   |  |
  2 |  * |1012| 8|      * |     |     |     |    |    |    |       |    |     |    |     |       |       |       |         |   |   |          |        |        |    |      |     |   |  |
    |  3 |1012| 8| 3000860|13487| Mimo|64QAM| 28 | 28 | 50 |     0 |  Y |  0% |  Y |  0% | 36696 | 36696 | 73392 |         | 0 | 0 |    86400 |   0.85 |17998152| A A|    5 |     |   |  |
    |  3 |1012| 9| 3000860|13487| Mimo|64QAM| 28 | 28 | 50 |     0 |  Y |  0% |  Y |  0% | 36696 | 36696 | 73392 |         | 0 | 0 |    86400 |   0.85 |18013264| A A|    4 |     |   |  |
    |  3 |1013| 0| 3000860|13487| Mimo|64QAM| 28 | 28 | 50 |     0 |  Y |  0% |  Y |  0% | 36696 | 36696 | 73392 |         | 0 | 0 |    81504 |   0.90 |18017320| A A|    3 |     |   |  |
    |  3 |1013| 1| 3000860|13487| Mimo|64QAM| 28 | 28 | 50 |     0 |  Y |  0% |  Y |  0% | 36696 | 36696 | 73392 |         | 0 | 0 |    86400 |   0.85 |17909704|    |    6 |     |   |  |
  2 |  * |1013| 2|      * |     |     |     |    |    |    |       |    |     |    |     |       |       |       |         |   |   |          |        |        |    |      |     |   |  |
    |  3 |1013| 2| 3000860|13487| Mimo|64QAM| 28 | 28 | 50 |     0 |  Y |  0% |  Y |  0% | 36696 | 36696 | 73392 |         | 0 | 0 |    86400 |   0.85 |        |    |      |     |   |  |
    |  3 |1013| 3| 3000860|13487| Mimo|64QAM|    |    | 50 |     0 |  Y |  0% |  Y |  0% | 36696 | 36696 | 73392 |         | 0 | 0 |    86400 |   0.85 |        |    |      |     |   |  |
 595|  * | 18 | 8|      * |     |     |     |    |    |    |       |    |     |    |     |       |       |       |         |   |   |          |        |        |    |      |     |   |  |
    |  3 | 18 | 8| 3000860|13487|     |     |    |    |    |       |    |     |    |     |       |       |       |         |   |   |          |        |18059080| A A|    1 |     |   |  |
    |  3 | 18 | 9| 3000860|13487|     |64QAM| 28 | 28 |    |       |  Y |  0% |  Y |  0% | 36696 | 36696 | 73392 | 73392.0 | 0 | 0 |    86400 |   0.85 |18063136| A A|    0 |     |   |  |
3740|  * | 19 | 0|      * |     |     |     |    |    |    |       |    |     |    |     |       |       |       |         |   |   |          |        |        |    |      |     |   |  |
    |  3 | 19 | 0| 3000860|13487| Mimo|64QAM| 28 | 28 | 50 |     0 |  Y |  0% |  Y |  0% | 36696 | 36696 | 73392 |         | 0 | 0 |    81504 |   0.90 |18067192| A A|    7 |     |   |  |
    |  3 | 19 | 1| 3000860|13487| Mimo|64QAM| 28 | 28 | 50 |     0 |  Y |  0% |  Y |  0% | 36696 | 36696 | 73392 |         | 0 | 0 |    86400 |   0.85 |18082304| A A|    6 |     |   |  |
  2 |  * | 19 | 2|      * |     |     |     |    |    |    |       |    |     |    |     |       |       |       |         |   |   |          |        |        |    |      |     |   |  |
    |  3 | 19 | 2| 3000860|13487| Mimo|64QAM| 28 | 28 | 50 |     0 |  Y |  0% |  Y |  0% | 36696 | 36696 | 73392 |         | 0 | 0 |    86400 |   0.85 |18097416| A A|    5 |     |   |  |
    |  3 | 19 | 3| 3000860|13487| Mimo|64QAM| 28 | 28 | 50 |     0 |  Y |  0% |  Y |  0% | 36696 | 36696 | 73392 |         | 0 | 0 |    86400 |   0.85 |18090416| A A|    4 |     |   |  |
    |  3 | 19 | 4| 3000860|13487| Mimo|64QAM| 28 | 28 | 50 |     0 |  Y |  0% |  Y |  0% | 36696 | 36696 | 73392 |         | 0 | 0 |    86400 |   0.85 |18105528| A A|    3 |     |   |  |
    |  3 | 19 | 5| 3000860|13487| Mimo|64QAM| 28 | 28 | 50 |     0 |  Y |  0% |  Y |  0% | 36696 | 36696 | 73392 |         | 0 | 0 |    84672 |   0.87 |18120640| A A|    2 |     |   |  |
lost|cell|sfn |sf|bbUeRef |rnti |mode |modul|mcs1|mcs2|prb |rbaType|ndf1|bler1|ndf2|bler2|tbs1   |tbs2   |tbsSum |tbsAvg   |rv1|rv2|rateBitSum|codeRate|assBits |harq|procId|bundl|cqi|ri|
  2 |  * | 19 | 6|      * |     |     |     |    |    |    |       |    |     |    |     |       |       |       |         |   |   |          |        |        |    |      |     |   |  |
    |  3 | 19 | 6| 3000860|13487| Mimo|64QAM| 28 | 28 | 50 |     0 |  Y |  0% |  Y |  0% | 36696 | 36696 | 73392 |         | 0 | 0 |    86400 |   0.85 |18124696| A A|   63 |  15 | 15| 2|
    |  3 | 19 | 7| 3000860|13487| Mimo|64QAM| 28 | 28 | 50 |     0 |  Y |  0% |  Y |  0% | 36696 | 36696 | 73392 |         | 0 | 0 |    86400 |   0.85 |18128752| A A|    0 |     |   |  |
    |  3 | 19 | 8| 3000860|13487| Mimo|64QAM| 28 | 28 | 50 |     0 |  Y |  0% |  Y |  0% | 36696 | 36696 | 73392 |         | 0 | 0 |    86400 |   0.85 |18143864| A A|    7 |     |   |  |
    |  3 | 19 | 9| 3000860|13487| Mimo|64QAM| 28 | 28 | 50 |     0 |  Y |  0% |  Y |  0% | 36696 | 36696 | 73392 |         | 0 | 0 |    86400 |   0.85 |18147920| A A|    6 |     |   |  |
  2 |  * | 20 | 0|      * |     |     |     |    |    |    |       |    |     |    |     |       |       |       |         |   |   |          |        |        |    |      |     |   |  |
    |  3 | 20 | 0| 3000860|13487| Mimo|64QAM| 28 | 28 | 50 |     0 |  Y |  0% |  Y |  0% | 36696 | 36696 | 73392 |         | 0 | 0 |    81504 |   0.90 |18163032| A A|    5 |     |   |  |
    |  3 | 20 | 1| 3000860|13487| Mimo|64QAM| 28 | 28 | 50 |     0 |  Y |  0% |  Y |  0% | 36696 | 36696 | 73392 |         | 0 | 0 |    86400 |   0.85 |18167088| A A|    4 |     |   |  |
    |  3 | 20 | 2| 3000860|13487| Mimo|64QAM| 28 | 28 | 50 |     0 |  Y |  0% |  Y |  0% | 36696 | 36696 | 73392 |         | 0 | 0 |    86400 |   0.85 |18182200| A A|    3 |     |   |  |
  2 |  * | 20 | 3|      * |     |     |     |    |    |    |       |    |     |    |     |       |       |       |         |   |   |          |        |        |    |      |     |   |  |
    |  3 | 20 | 3| 3000860|13487| Mimo|64QAM| 28 | 28 | 50 |     0 |  Y |  0% |  Y |  0% | 36696 | 36696 | 73392 |         | 0 | 0 |    86400 |   0.85 |18178952| A A|    2 |     |   |  |
    |  3 | 20 | 4| 3000860|13487| Mimo|64QAM| 28 | 28 | 50 |     0 |  Y |  0% |  Y |  0% | 36696 | 36696 | 73392 |         | 0 | 0 |    86400 |   0.85 |18105648| A A|    1 |     |   |  |
    |  2 | 20 | 5|    SIB |65535|     | QPSK|  4 |    |  2 |       |  N |     |    |     |   120 |       |   120 |   120.0 | 3 |   |      576 |   0.21 |        |    |      |     |   |  |
    |  3 | 20 | 5| 3000860|13487| Mimo|64QAM| 27 | 27 | 48 |     0 |  Y |  0% |  Y |  0% | 29296 | 29296 | 58592 |         | 0 | 0 |    72720 |   0.81 |18032344| A A|    0 |     |   |  |
    |  3 | 20 | 5|    SIB |65535|     | QPSK|  4 |    |  2 |       |  N |     |    |     |   120 |       |   120 |   120.0 | 3 |   |      528 |   0.23 |        |    |      |     |   |  |
    |  3 | 20 | 6| 3000860|13487| Mimo|64QAM| 28 | 28 | 50 |     0 |  Y |  0% |  Y |  0% | 36696 | 36696 | 73392 |         | 0 | 0 |    86400 |   0.85 |17959032| A A|   63 |  15 | 15| 2|
  2 |  * | 20 | 7|      * |     |     |     |    |    |    |       |    |     |    |     |       |       |       |         |   |   |          |        |        |    |      |     |   |  |
    |  3 | 20 | 7| 3000860|13487| Mimo|64QAM| 28 | 28 | 50 |     0 |  Y |  0% |  Y |  0% | 36696 | 36696 | 73392 |         | 0 | 0 |    86400 |   0.85 |17907832| A A|    6 |     |   |  |
    |  3 | 20 | 8| 3000860|13487| Mimo|64QAM| 28 | 28 | 50 |     0 |  Y |  0% |  Y |  0% | 36696 | 36696 | 73392 |         | 0 | 0 |    86400 |   0.85 |17922944|    |    1 |     |   |  |
    |  3 | 20 | 9| 3000860|13487| Mimo|64QAM| 28 | 28 | 50 |     0 |  Y |  0% |  Y |  0% | 36696 | 36696 | 73392 |         | 0 | 0 |    86400 |   0.85 |17959000|    |    0 |     |   |  |
  2 |  * | 21 | 0|      * |     |     |     |    |    |    |       |    |     |    |     |       |       |       |         |   |   |          |        |        |    |      |     |   |  |
    |  3 | 21 | 0| 3000860|13487|     |64QAM| 28 | 28 |    |       |  Y |  0% |  Y |  0% | 36696 | 36696 | 73392 |         | 0 | 0 |    81504 |   0.90 |17885688|    |    7 |     |   |  |
4061|  * | 53 | 0|      * |     |     |     |    |    |    |       |    |     |    |     |       |       |       |         |   |   |          |        |        |    |      |     |   |  |
    |  3 | 53 | 0| 3000860|13487|     |64QAM| 28 | 28 |    |       |  Y |  0% |  Y |  0% | 36696 | 36696 | 73392 | 73392.0 | 0 | 0 |    81504 |   0.90 |18053600|    |    7 |     |   |  |
    |  3 | 53 | 1| 3000860|13487|     |64QAM| 28 | 28 |    |       |  Y |  0% |  Y |  0% | 36696 | 36696 | 73392 |         | 0 | 0 |    86400 |   0.85 |18169336| A A|    2 |     |   |  |
    |  3 | 53 | 2| 3000860|13487|     |64QAM| 28 | 28 |    |       |  Y |  0% |  Y |  0% | 36696 | 36696 | 73392 |         | 0 | 0 |    86400 |   0.85 |18184448| A A|    1 |     |   |  |
    |  3 | 53 | 3| 3000860|13487| Mimo|64QAM| 28 | 28 | 50 |     0 |  Y |  0% |  Y |  0% | 36696 | 36696 | 73392 |         | 0 | 0 |    86400 |   0.85 |18177448| A A|    0 |     |   |  |
 647|  * | 53 | 4|      * |     |     |     |    |    |    |       |    |     |    |     |       |       |       |         |   |   |          |        |        |    |      |     |   |  |
    |  3 | 53 | 4| 3000860|13487| Mimo|64QAM| 28 | 28 | 50 |     0 |  Y |  0% |  Y |  0% | 36696 | 36696 | 73392 |         | 0 | 0 |    86400 |   0.85 |18104144| A A|    7 |     |   |  |
    |  3 | 53 | 5| 3000860|13487| Mimo|64QAM| 28 | 28 | 50 |     0 |  Y |  0% |  Y |  0% | 36696 | 36696 | 73392 |         | 0 | 0 |    84672 |   0.87 |18030840| A A|    6 |     |   |  |
    |  3 | 53 | 6| 3000860|13487| Mimo|64QAM| 28 | 28 | 50 |     0 |  Y |  0% |  Y |  0% | 36696 | 36696 | 73392 |         | 0 | 0 |    86400 |   0.85 |17957528| A A|   63 |  15 | 15| 2|
  2 |  * | 53 | 7|      * |     |     |     |    |    |    |       |    |     |    |     |       |       |       |         |   |   |          |        |        |    |      |     |   |  |
    |  3 | 53 | 7| 3000860|13487| Mimo|64QAM| 28 | 28 | 50 |     0 |  Y |  0% |  Y |  0% | 36696 | 36696 | 73392 |         | 0 | 0 |    86400 |   0.85 |17906328| A A|    4 |     |   |  |
    |  3 | 53 | 8| 3000860|13487| Mimo|64QAM| 28 | 28 | 50 |     0 |  Y |  0% |  Y |  0% | 36696 | 36696 | 73392 |         | 0 | 0 |    86400 |   0.85 |17910384| A A|    3 |     |   |  |
    |  3 | 53 | 9| 3000860|13487| Mimo|64QAM| 28 | 28 | 50 |     0 |  Y |  0% |  Y |  0% | 36696 | 36696 | 73392 |         | 0 | 0 |    86400 |   0.85 |17925496| A A|    2 |     |   |  |
    |  3 | 54 | 0| 3000860|13487| Mimo|64QAM| 28 | 28 | 50 |     0 |  Y |  0% |  Y |  0% | 36696 | 36696 | 73392 |         | 0 | 0 |    81504 |   0.90 |17940608| A A|    1 |     |   |  |
  2 |  * | 54 | 1|      * |     |     |     |    |    |    |       |    |     |    |     |       |       |       |         |   |   |          |        |        |    |      |     |   |  |
    |  3 | 54 | 1| 3000860|13487| Mimo|64QAM| 28 | 28 | 50 |     0 |  Y |  0% |  Y |  0% | 36696 | 36696 | 73392 |         | 0 | 0 |    86400 |   0.85 |17944664| A A|    0 |     |   |  |
    |  3 | 54 | 2| 3000860|13487| Mimo|64QAM| 28 | 28 | 50 |     0 |  Y |  0% |  Y |  0% | 36696 | 36696 | 73392 |         | 0 | 0 |    86400 |   0.85 |17948720| A A|    7 |     |   |  |
    |  3 | 54 | 3| 3000860|13487| Mimo|64QAM| 28 | 28 | 50 |     0 |  Y |  0% |  Y |  0% | 36696 | 36696 | 73392 |         | 0 | 0 |    86400 |   0.85 |17978632| A A|    6 |     |   |  |
lost|cell|sfn |sf|bbUeRef |rnti |mode |modul|mcs1|mcs2|prb |rbaType|ndf1|bler1|ndf2|bler2|tbs1   |tbs2   |tbsSum |tbsAvg   |rv1|rv2|rateBitSum|codeRate|assBits |harq|procId|bundl|cqi|ri|
  2 |  * | 54 | 4|      * |     |     |     |    |    |    |       |    |     |    |     |       |       |       |         |   |   |          |        |        |    |      |     |   |  |
    |  3 | 54 | 4| 3000860|13487| Mimo|64QAM| 28 | 28 | 50 |     0 |  Y |  0% |  Y |  0% | 36696 | 36696 | 73392 |         | 0 | 0 |    86400 |   0.85 |17982696| A A|    5 |     |   |  |
    |  2 | 54 | 5|    SIB |65535|     | QPSK|  4 |    |  2 |       |  N |     |    |     |   120 |       |   120 |   120.0 | 1 |   |      576 |   0.21 |        |    |      |     |   |  |
    |  3 | 54 | 5| 3000860|13487| Mimo|64QAM| 27 | 27 | 48 |     0 |  Y |  0% |  Y |  0% | 29296 | 29296 | 58592 |         | 0 | 0 |    72720 |   0.81 |17986752| A A|    4 |     |   |  |
    |  3 | 54 | 5|    SIB |65535|     | QPSK|  4 |    |  2 |       |  N |     |    |     |   120 |       |   120 |   120.0 | 1 |   |      528 |   0.23 |        |    |      |     |   |  |
    |  3 | 54 | 6| 3000860|13487| Mimo|64QAM| 28 | 28 | 50 |     0 |  Y |  0% |  Y |  0% | 36696 | 36696 | 73392 |         | 0 | 0 |    86400 |   0.85 |18001856| A A|   63 |  15 | 15| 2|
    |  3 | 54 | 7| 3000860|13487| Mimo|64QAM| 28 | 28 | 50 |     0 |  Y |  0% |  Y |  0% | 36696 | 36696 | 73392 |         | 0 | 0 |    86400 |   0.85 |18005920| A A|    2 |     |   |  |
  2 |  * | 54 | 8|      * |     |     |     |    |    |    |       |    |     |    |     |       |       |       |         |   |   |          |        |        |    |      |     |   |  |
    |  3 | 54 | 8| 3000860|13487| Mimo|64QAM| 28 | 28 | 50 |     0 |  Y |  0% |  Y |  0% | 36696 | 36696 | 73392 |         | 0 | 0 |    86400 |   0.85 |18021024| A A|    1 |     |   |  |
    |  3 | 54 | 9| 3000860|13487| Mimo|64QAM| 28 | 28 | 50 |     0 |  Y |  0% |  Y |  0% | 36696 | 36696 | 73392 |         | 0 | 0 |    86400 |   0.85 |18025080| A A|    0 |     |   |  |
    |  3 | 55 | 0| 3000860|13487| Mimo|64QAM| 28 | 28 | 50 |     0 |  Y |  0% |  Y |  0% | 36696 | 36696 | 73392 |         | 0 | 0 |    81504 |   0.90 |18029144| A A|    7 |     |   |  |
  2 |  * | 55 | 1|      * |     |     |     |    |    |    |       |    |     |    |     |       |       |       |         |   |   |          |        |        |    |      |     |   |  |
    |  3 | 55 | 1| 3000860|13487| Mimo|64QAM| 28 | 28 | 50 |     0 |  Y |  0% |  Y |  0% | 36696 | 36696 | 73392 |         | 0 | 0 |    86400 |   0.85 |18033200| A A|    6 |     |   |  |
    |  3 | 55 | 2| 3000860|13487| Mimo|64QAM| 28 | 28 | 50 |     0 |  Y |  0% |  Y |  0% | 36696 | 36696 | 73392 |         | 0 | 0 |    86400 |   0.85 |18059360| A A|    5 |     |   |  |
    |  3 | 55 | 3| 3000860|13487| Mimo|64QAM| 28 | 28 | 50 |     0 |  Y |  0% |  Y |  0% | 36696 | 36696 | 73392 |         | 0 | 0 |    86400 |   0.85 |        |    |      |     |   |  |
    |  3 | 55 | 4| 3000860|13487| Mimo|64QAM| 28 | 28 | 50 |     0 |  Y |  0% |  Y |  0% | 36696 | 36696 | 73392 |         | 0 | 0 |    86400 |   0.85 |        |    |      |     |   |  |
4360|  * | 89 | 7|      * |     |     |     |    |    |    |       |    |     |    |     |       |       |       |         |   |   |          |        |        |    |      |     |   |  |
    |  3 | 89 | 7| 3000860|13487|     |     |    |    |    |       |    |     |    |     |       |       |       |         |   |   |          |        |        |    |      |     | 15| 2|
 691|  * | 89 | 8|      * |     |     |     |    |    |    |       |    |     |    |     |       |       |       |         |   |   |          |        |        |    |      |     |   |  |
    |  3 | 89 | 8| 3000860|13487|     |     |    |    |    |       |    |     |    |     |       |       |       |         |   |   |          |        |17953304| A A|    3 |     |   |  |
    |  3 | 89 | 9| 3000860|13487|     |     |    |    |    |       |    |     |    |     |       |       |       |         |   |   |          |        |17968416| A A|    2 |     |   |  |
    |  3 | 90 | 0| 3000860|13487| Mimo|64QAM| 28 | 28 | 50 |     0 |  Y |  0% |  Y |  0% | 36696 | 36696 | 73392 | 73392.0 | 0 | 0 |    81504 |   0.90 |17972472| A A|    1 |     |   |  |
    |  3 | 90 | 1| 3000860|13487| Mimo|64QAM| 28 | 28 | 50 |     0 |  Y |  0% |  Y |  0% | 36696 | 36696 | 73392 |         | 0 | 0 |    86400 |   0.85 |17987584| A A|    0 |     |   |  |
    |  3 | 90 | 2| 3000860|13487| Mimo|64QAM| 28 | 28 | 50 |     0 |  Y |  0% |  Y |  0% | 36696 | 36696 | 73392 |         | 0 | 0 |    86400 |   0.85 |17980584| A A|    7 |     |   |  |
  2 |  * | 90 | 3|      * |     |     |     |    |    |    |       |    |     |    |     |       |       |       |         |   |   |          |        |        |    |      |     |   |  |
    |  3 | 90 | 3| 3000860|13487| Mimo|64QAM| 28 | 28 | 50 |     0 |  Y |  0% |  Y |  0% | 36696 | 36696 | 73392 |         | 0 | 0 |    86400 |   0.85 |18010496| A A|    6 |     |   |  |
    |  3 | 90 | 4| 3000860|13487| Mimo|64QAM| 28 | 28 | 50 |     0 |  Y |  0% |  Y |  0% | 36696 | 36696 | 73392 |         | 0 | 0 |    86400 |   0.85 |18025600| A A|    5 |     |   |  |
    |  2 | 90 | 5|    SIB |65535|     | QPSK|  4 |    |  2 |       |  N |     |    |     |   120 |       |   120 |   120.0 | 2 |   |      576 |   0.21 |        |    |      |     |   |  |
    |  3 | 90 | 5| 3000860|13487| Mimo|64QAM| 27 | 27 | 48 |     0 |  Y |  0% |  Y |  0% | 29296 | 29296 | 58592 |         | 0 | 0 |    72720 |   0.81 |18018608| A A|    4 |     |   |  |
    |  3 | 90 | 5|    SIB |65535|     | QPSK|  4 |    |  2 |       |  N |     |    |     |   120 |       |   120 |   120.0 | 2 |   |      792 |   0.15 |        |    |      |     |   |  |
  2 |  * | 90 | 6|      * |     |     |     |    |    |    |       |    |     |    |     |       |       |       |         |   |   |          |        |        |    |      |     |   |  |
    |  3 | 90 | 6| 3000860|13487| Mimo|64QAM| 28 | 28 | 50 |     0 |  Y |  0% |  Y |  0% | 36696 | 36696 | 73392 |         | 0 | 0 |    86400 |   0.85 |18044768| A A|    3 |     |   |  |
    |  3 | 90 | 7| 3000860|13487| Mimo|64QAM| 28 | 28 | 50 |     0 |  Y |  0% |  Y |  0% | 36696 | 36696 | 73392 |         | 0 | 0 |    86400 |   0.85 |18048832| A A|   63 |  15 | 15| 2|
    |  3 | 90 | 8| 3000860|13487| Mimo|64QAM| 28 | 28 | 50 |     0 |  Y |  0% |  Y |  0% | 36696 | 36696 | 73392 |         | 0 | 0 |    86400 |   0.85 |18041832| A A|    1 |     |   |  |
    |  3 | 90 | 9| 3000860|13487| Mimo|64QAM| 28 | 28 | 50 |     0 |  Y |  0% |  Y |  0% | 36696 | 36696 | 73392 |         | 0 | 0 |    86400 |   0.85 |18056944| A A|    0 |     |   |  |
  2 |  * | 91 | 0|      * |     |     |     |    |    |    |       |    |     |    |     |       |       |       |         |   |   |          |        |        |    |      |     |   |  |
    |  3 | 91 | 0| 3000860|13487| Mimo|64QAM| 28 | 28 | 50 |     0 |  Y |  0% |  Y |  0% | 36696 | 36696 | 73392 |         | 0 | 0 |    81504 |   0.90 |18072056| A A|    7 |     |   |  |
    |  3 | 91 | 1| 3000860|13487| Mimo|64QAM| 28 | 28 | 50 |     0 |  Y |  0% |  Y |  0% | 36696 | 36696 | 73392 |         | 0 | 0 |    86400 |   0.85 |18076112| A A|    6 |     |   |  |
    |  3 | 91 | 2| 3000860|13487| Mimo|64QAM| 28 | 28 | 50 |     0 |  Y |  0% |  Y |  0% | 36696 | 36696 | 73392 |         | 0 | 0 |    86400 |   0.85 |18091216| A A|    5 |     |   |  |
  2 |  * | 91 | 3|      * |     |     |     |    |    |    |       |    |     |    |     |       |       |       |         |   |   |          |        |        |    |      |     |   |  |
lost|cell|sfn |sf|bbUeRef |rnti |mode |modul|mcs1|mcs2|prb |rbaType|ndf1|bler1|ndf2|bler2|tbs1   |tbs2   |tbsSum |tbsAvg   |rv1|rv2|rateBitSum|codeRate|assBits |harq|procId|bundl|cqi|ri|
    |  3 | 91 | 3| 3000860|13487| Mimo|64QAM| 28 | 28 | 50 |     0 |  Y |  0% |  Y |  0% | 36696 | 36696 | 73392 |         | 0 | 0 |    86400 |   0.85 |18106328| A A|    4 |     |   |  |
    |  3 | 91 | 4| 3000860|13487| Mimo|64QAM| 28 | 28 | 50 |     0 |  Y |  0% |  Y |  0% | 36696 | 36696 | 73392 |         | 0 | 0 |    86400 |   0.85 |18110384| A A|    3 |     |   |  |
    |  3 | 91 | 5| 3000860|13487| Mimo|64QAM| 28 | 28 | 50 |     0 |  Y |  0% |  Y |  0% | 36696 | 36696 | 73392 |         | 0 | 0 |    84672 |   0.87 |18114448| A A|    2 |     |   |  |
    |  3 | 91 | 6| 3000860|13487| Mimo|64QAM| 28 | 28 | 50 |     0 |  Y |  0% |  Y |  0% | 36696 | 36696 | 73392 |         | 0 | 0 |    86400 |   0.85 |18118504| A A|    1 |     |   |  |
  2 |  * | 91 | 7|      * |     |     |     |    |    |    |       |    |     |    |     |       |       |       |         |   |   |          |        |        |    |      |     |   |  |
    |  3 | 91 | 7| 3000860|13487| Mimo|64QAM| 28 | 28 | 50 |     0 |  Y |  0% |  Y |  0% | 36696 | 36696 | 73392 |         | 0 | 0 |    86400 |   0.85 |18133608| A A|   63 |  15 | 15| 2|
    |  3 | 91 | 8| 3000860|13487| Mimo|64QAM| 28 | 28 | 50 |     0 |  Y |  0% |  Y |  0% | 36696 | 36696 | 73392 |         | 0 | 0 |    86400 |   0.85 |18148720| A A|    7 |     |   |  |
    |  3 | 91 | 9| 3000860|13487| Mimo|64QAM| 28 | 28 | 50 |     0 |  Y |  0% |  Y |  0% | 36696 | 36696 | 73392 |         | 0 | 0 |    86400 |   0.85 |18152776|    |    2 |     |   |  |
    |  3 | 92 | 0| 3000860|13487| Mimo|64QAM| 28 | 28 | 50 |     0 |  Y |  0% |  Y |  0% | 36696 | 36696 | 73392 |         | 0 | 0 |    81504 |   0.90 |18045160|    |    1 |     |   |  |
  2 |  * | 92 | 1|      * |     |     |     |    |    |    |       |    |     |    |     |       |       |       |         |   |   |          |        |        |    |      |     |   |  |
    |  3 | 92 | 1| 3000860|13487| Mimo|64QAM| 28 | 28 | 50 |     0 |  Y |  0% |  Y |  0% | 36696 | 36696 | 73392 |         | 0 | 0 |    86400 |   0.85 |      0 |    |      |     |   |  |
3593|  * | 126| 9|      * |     |     |     |    |    |    |       |    |     |    |     |       |       |       |         |   |   |          |        |        |    |      |     |   |  |
    |  3 | 126| 9| 3000860|13487|     |     |    |    |    |       |    |     |    |     |       |       |       |         |   |   |          |        |        | A A|    0 |     |   |  |
 701|  * | 127| 0|      * |     |     |     |    |    |    |       |    |     |    |     |       |       |       |         |   |   |          |        |        |    |      |     |   |  |
    |  3 | 127| 0| 3000860|13487|     |64QAM| 28 | 28 |    |       |  Y |  0% |  Y |  0% | 36696 | 36696 | 73392 | 73392.0 | 0 | 0 |    81504 |   0.90 |18022976| A A|    7 |     |   |  |
  2 |  * | 127| 1|      * |     |     |     |    |    |    |       |    |     |    |     |       |       |       |         |   |   |          |        |        |    |      |     |   |  |
    |  3 | 127| 1| 3000860|13487|     |64QAM| 28 | 28 |    |       |  Y |  0% |  Y |  0% | 36696 | 36696 | 73392 |         | 0 | 0 |    86400 |   0.85 |18038088| A A|    6 |     |   |  |
 835|  * | 127| 2|      * |     |     |     |    |    |    |       |    |     |    |     |       |       |       |         |   |   |          |        |        |    |      |     |   |  |
    |  3 | 127| 2| 3000860|13487| Mimo|64QAM| 28 | 28 | 50 |     0 |  Y |  0% |  Y |  0% | 36696 | 36696 | 73392 |         | 0 | 0 |    86400 |   0.85 |18042144| A A|    5 |     |   |  |
    |  3 | 127| 3| 3000860|13487| Mimo|64QAM| 28 | 28 | 50 |     0 |  Y |  0% |  Y |  0% | 36696 | 36696 | 73392 |         | 0 | 0 |    86400 |   0.85 |18057256| A A|    4 |     |   |  |
    |  3 | 127| 4| 3000860|13487| Mimo|64QAM| 28 | 28 | 50 |     0 |  Y |  0% |  Y |  0% | 36696 | 36696 | 73392 |         | 0 | 0 |    86400 |   0.85 |18061312| A A|    3 |     |   |  |
    |  3 | 127| 5| 3000860|13487| Mimo|64QAM| 28 | 28 | 50 |     0 |  Y |  0% |  Y |  0% | 36696 | 36696 | 73392 |         | 0 | 0 |    84672 |   0.87 |18065368| A A|    2 |     |   |  |
    |  3 | 127| 6| 3000860|13487| Mimo|64QAM| 28 | 28 | 50 |     0 |  Y |  0% |  Y |  0% | 36696 | 36696 | 73392 |         | 0 | 0 |    86400 |   0.85 |18080480| A A|    1 |     |   |  |
  2 |  * | 127| 7|      * |     |     |     |    |    |    |       |    |     |    |     |       |       |       |         |   |   |          |        |        |    |      |     |   |  |
    |  3 | 127| 7| 3000860|13487| Mimo|64QAM| 28 | 28 | 50 |     0 |  Y |  0% |  Y |  0% | 36696 | 36696 | 73392 |         | 0 | 0 |    86400 |   0.85 |18095592| A A|   63 |  15 | 15| 2|
    |  3 | 127| 8| 3000860|13487| Mimo|64QAM| 28 | 28 | 50 |     0 |  Y |  0% |  Y |  0% | 36696 | 36696 | 73392 |         | 0 | 0 |    86400 |   0.85 |18136360| A A|    7 |     |   |  |
    |  3 | 127| 9| 3000860|13487| Mimo|64QAM| 28 | 28 | 50 |     0 |  Y |  0% |  Y |  0% | 36696 | 36696 | 73392 |         | 0 | 0 |    86400 |   0.85 |18151472| A A|    6 |     |   |  |
  2 |  * | 128| 0|      * |     |     |     |    |    |    |       |    |     |    |     |       |       |       |         |   |   |          |        |        |    |      |     |   |  |
    |  2 | 128| 0|    SIB |65535|     | QPSK|  8 |    |  2 |       |  Y |     |    |     |   256 |       |   256 |   256.0 | 0 |   |     4896 |   0.05 |        |    |      |     |   |  |
    |  3 | 128| 0| 3000860|13487| Mimo|64QAM| 27 | 27 | 30 |     0 |  Y |  0% |  Y |  0% | 18336 | 18336 | 36672 |         | 0 | 0 |    41040 |   0.89 |18144480| A A|    5 |     |   |  |
    |  3 | 128| 0|    SIB |65535|     | QPSK|  8 |    |  2 |       |  Y |     |    |     |   256 |       |   256 |   256.0 | 0 |   |     5016 |   0.05 |        |    |      |     |   |  |
    |  3 | 128| 1| 3000860|13487| Mimo|64QAM| 28 | 28 | 50 |     0 |  Y |  0% |  Y |  0% | 36696 | 36696 | 73392 |         | 0 | 0 |    86400 |   0.85 |        |    |      |     |   |  |
    |  3 | 128| 2| 3000860|13487| Mimo|64QAM| 28 | 28 | 50 |     0 |  Y |  0% |  Y |  0% | 36696 | 36696 | 73392 |         | 0 | 0 |    86400 |   0.85 |        |    |      |     |   |  |
