lost|cell|sfn |sf|bbUeRef |rnti |pucchPwr|puschPwr|gain|puschTpc|sinr |dtx|modulation|mcs|prb|prbSt|prbEn|ndf|bler|tbs    |sr|bsr    |phr|pucchIntNoisePower|puschIntNoisePower|harq|procId|
    |  3 | 838| 6| 3000860|     | -114.4 |        |    |        |   7 |   |          |   |   |     |     |   |    |       |  |       |   |                  |                  |    |      |
    |  3 | 838| 7| 3000860|13487| -113.9 |        |    |        |   9 |   |          |   |   |     |     |   |    |       |  |       |   |                  |                  |    |      |
    |  3 | 838| 8| 3000860|13487| -114.8 |        |    |        |   7 |   |          |   |   |     |     |   |    |       |  |       |   |                  |                  |    |      |
    |  3 | 838| 9| 3000860|13487| -114.6 |        |    |        |   8 |   |          | 19| 2 |  46 |     |   |    |   776 |  |       |   |                  |                  |    |      |
    |  3 | 839| 0| 3000860|13487| -114.8 |        |    |        |   7 |   |          |   |   |     |     |   |    |       |  |       |   |                  |                  |    |      |
    |  3 | 839| 1| 3000860|13487| -114.0 |        |    |        |   8 |   |          |   |   |     |     |   |    |       |  |       |   |                  |                  |    |      |
  2 |  * | 839| 2|      * |     |        |        |    |        |     |   |          |   |   |     |     |   |    |       |  |       |   |                  |                  |    |      |
    |  3 | 839| 2| 3000860|13487| -115.5 |        |    |        |   7 |   |          |   |   |     |     |   |    |       |  |       |   |                  |                  |    |      |
    |  3 | 839| 3| 3000860|13487| -114.9 |        |    |        |   7 |   |          |   |   |     |     |   |    |       |  |       |   |                  |                  |    |      |
    |  3 | 839| 4| 3000860|13487| -114.9 |        |    |        |   6 |   |          |   |   |     |     |   |    |       |  |       |   |                  |                  |    |      |
    |  3 | 839| 5| 3000860|13487|        |  -96.6 |    |        |  24 | N |    16QAM |   | 2 |  46 |  47 | Y |    |   776 |  |     0 |   |                  |                  | ACK|    3 |
  2 |  * | 839| 6|      * |     |        |        |    |        |     |   |          |   |   |     |     |   |    |       |  |       |   |                  |                  |    |      |
    |  3 | 839| 6| 3000860|13487| -114.5 |        |    |        |   8 |   |          |   |   |     |     |   |    |       |  |       |   |                  |                  |    |      |
    |  3 | 839| 7| 3000860|13487| -114.2 |        |    |        |   7 |   |          |   |   |     |     |   |    |       |  |       |   |                  |                  |    |      |
    |  3 | 839| 8| 3000860|13487| -114.4 |        |    |        |   8 |   |          |   |   |     |     |   |    |       |  |       |   |                  |                  |    |      |
  2 |  * | 839| 9|      * |     |        |        |    |        |     |   |          |   |   |     |     |   |    |       |  |       |   |                  |                  |    |      |
    |  3 | 839| 9| 3000860|13487| -113.8 |        |    |        |   8 |   |          | 19| 2 |  46 |     |   |    |   776 |  |       |   |                  |                  |    |      |
    |  3 | 840| 0| 3000860|13487| -114.0 |        |    |        |   9 |   |          |   |   |     |     |   |    |       |  |       |   |                  |                  |    |      |
    |  3 | 840| 1| 3000860|13487| -114.4 |        |    |        |   8 |   |          |   |   |     |     |   |    |       |  |       |   |                  |                  |    |      |
  2 |  * | 840| 2|      * |     |        |        |    |        |     |   |          |   |   |     |     |   |    |       |  |       |   |                  |                  |    |      |
    |  3 | 840| 2| 3000860|13487| -114.8 |        |    |        |   8 |   |          |   |   |     |     |   |    |       |  |       |   |                  |                  |    |      |
    |  3 | 840| 3| 3000860|13487| -114.4 |        |    |        |   8 |   |          |   |   |     |     |   |    |       |  |       |   |                  |                  |    |      |
    |  3 | 840| 4| 3000860|13487| -114.0 |        |    |        |   8 |   |          |   |   |     |     |   |    |       |  |       |   |                  |                  |    |      |
    |  3 | 840| 5| 3000860|13487|        |  -96.7 |    |        |  25 | N |    16QAM |   | 2 |  46 |  47 | Y |    |   776 |  |     0 |   |                  |                  | ACK|    5 |
  2 |  * | 840| 6|      * |     |        |        |    |        |     |   |          |   |   |     |     |   |    |       |  |       |   |                  |                  |    |      |
    |  3 | 840| 6| 3000860|13487| -114.8 |        |    |        |   8 |   |          |   |   |     |     |   |    |       |SR|       |   |                  |                  |    |      |
    |  3 | 840| 7| 3000860|13487| -114.2 |        |    |        |   8 |   |          |   |   |     |     |   |    |       |  |       |   |                  |                  |    |      |
    |  3 | 840| 8| 3000860|13487| -114.0 |        |    |        |   8 |   |          | 23| 2 |  46 |     |   |    |  1000 |  |       |   |                  |                  |    |      |
  2 |  * | 840| 9|      * |     |        |        |    |        |     |   |          |   |   |     |     |   |    |       |  |       |   |                  |                  |    |      |
    |  3 | 840| 9| 3000860|13487| -114.4 |        |    |        |   8 |   |          | 19| 2 |  46 |     |   |    |   776 |  |       |   |                  |                  |    |      |
    |  3 | 841| 0| 3000860|13487| -115.1 |        |    |        |   7 |   |          |   |   |     |     |   |    |       |  |       |   |                  |                  |    |      |
    |  3 | 841| 1| 3000860|13487| -114.3 |        |    |        |   8 |   |          |   |   |     |     |   |    |       |  |       |   |                  |                  |    |      |
  2 |  * | 841| 2|      * |     |        |        |    |        |     |   |          |   |   |     |     |   |    |       |  |       |   |                  |                  |    |      |
    |  3 | 841| 2| 3000860|13487| -115.1 |        |    |        |   7 |   |          |   |   |     |     |   |    |       |  |       |   |                  |                  |    |      |
    |  3 | 841| 3| 3000860|13487| -114.1 |        |    |        |   8 |   |          |   |   |     |     |   |    |       |  |       |   |                  |                  |    |      |
    |  3 | 841| 4| 3000860|13487|        |  -96.6 |    |        |  25 | N |    16QAM |   | 2 |  46 |  47 | Y |    |  1000 |  |     0 |   |                  |                  | ACK|    6 |
    |  3 | 841| 5| 3000860|13487|        |  -96.7 |    |        |  25 | N |    16QAM |   | 2 |  46 |  47 | Y |    |   776 |  |     0 |   |                  |                  | ACK|    7 |
  2 |  * | 841| 6|      * |     |        |        |    |        |     |   |          |   |   |     |     |   |    |       |  |       |   |                  |                  |    |      |
    |  3 | 841| 6| 3000860|13487| -114.1 |        |    |        |   8 |   |          |   |   |     |     |   |    |       |  |       |   |                  |                  |    |      |
    |  3 | 841| 7| 3000860|13487| -114.4 |        |    |        |   8 |   |          |   |   |     |     |   |    |       |  |       |   |                  |                  |    |      |
lost|cell|sfn |sf|bbUeRef |rnti |pucchPwr|puschPwr|gain|puschTpc|sinr |dtx|modulation|mcs|prb|prbSt|prbEn|ndf|bler|tbs    |sr|bsr    |phr|pucchIntNoisePower|puschIntNoisePower|harq|procId|
    |  3 | 841| 8| 3000860|13487| -114.6 |        |    |        |   7 |   |          |   |   |     |     |   |    |       |  |       |   |                  |                  |    |      |
    |  3 | 841| 9| 3000860|13487| -114.7 |        |    |        |   7 |   |          | 19| 2 |  46 |     |   |    |   776 |  |       |   |                  |                  |    |      |
  2 |  * | 842| 0|      * |     |        |        |    |        |     |   |          |   |   |     |     |   |    |       |  |       |   |                  |                  |    |      |
    |  3 | 842| 0| 3000860|13487| -114.1 |        |    |        |   8 |   |          |   |   |     |     |   |    |       |  |       |   |                  |                  |    |      |
    |  3 | 842| 1| 3000860|13487| -114.3 |        |    |        |   8 |   |          |   |   |     |     |   |    |       |  |       |   |                  |                  |    |      |
    |  3 | 842| 2| 3000860|13487| -114.7 |        |    |        |   7 |   |          |   |   |     |     |   |    |       |  |       |   |                  |                  |    |      |
  2 |  * | 842| 3|      * |     |        |        |    |        |     |   |          |   |   |     |     |   |    |       |  |       |   |                  |                  |    |      |
    |  3 | 842| 3| 3000860|13487| -114.3 |        |    |        |   8 |   |          |   |   |     |     |   |    |       |  |       |   |                  |                  |    |      |
    |  3 | 842| 4| 3000860|13487| -113.9 |        |    |        |   8 |   |          |   |   |     |     |   |    |       |  |       |   |                  |                  |    |      |
    |  3 | 842| 5| 3000860|13487|        |  -96.6 |    |        |  26 | N |    16QAM |   | 2 |  46 |  47 | Y |    |   776 |  |     0 |   |                  |                  | ACK|    1 |
  2 |  * | 842| 6|      * |     |        |        |    |        |     |   |          |   |   |     |     |   |    |       |  |       |   |                  |                  |    |      |
    |  3 | 842| 6| 3000860|13487| -114.5 |        |    |        |   8 |   |          |   |   |     |     |   |    |       |  |       |   |                  |                  |    |      |
    |  3 | 842| 7| 3000860|13487| -114.6 |        |    |        |   8 |   |          |   |   |     |     |   |    |       |  |       |   |                  |                  |    |      |
    |  3 | 842| 8| 3000860|13487| -114.2 |        |    |        |   8 |   |          |   |   |     |     |   |    |       |  |       |   |                  |                  |    |      |
    |  3 | 842| 9| 3000860|13487| -114.5 |        |    |        |   7 |   |          | 19| 2 |  46 |     |   |    |   776 |  |       |   |                  |                  |    |      |
  2 |  * | 843| 0|      * |     |        |        |    |        |     |   |          |   |   |     |     |   |    |       |  |       |   |                  |                  |    |      |
    |  3 | 843| 0| 3000860|13487| -114.2 |        |    |        |   8 |   |          |   |   |     |     |   |    |       |  |       |   |                  |                  |    |      |
    |  3 | 843| 1| 3000860|13487| -114.2 |        |    |        |   8 |   |          |   |   |     |     |   |    |       |  |       |   |                  |                  |    |      |
    |  3 | 843| 2| 3000860|13487| -114.1 |        |    |        |   8 |   |          |   |   |     |     |   |    |       |  |       |   |                  |                  |    |      |
    |  3 | 843| 3| 3000860|13487| -114.2 |        |    |        |   8 |   |          |   |   |     |     |   |    |       |  |       |   |                  |                  |    |      |
  2 |  * | 843| 4|      * |     |        |        |    |        |     |   |          |   |   |     |     |   |    |       |  |       |   |                  |                  |    |      |
    |  3 | 843| 4| 3000860|13487| -114.7 |        |    |        |   8 |   |          |   |   |     |     |   |    |       |  |       |   |                  |                  |    |      |
    |  3 | 843| 5| 3000860|13487|        |  -96.7 |    |        |  26 | N |    16QAM |   | 2 |  46 |  47 | Y |    |   776 |  |     0 | 40|                  |                  | ACK|    3 |
    |  3 | 843| 6| 3000860|13487| -114.0 |        |    |        |   7 |   |          |   |   |     |     |   |    |       |SR|       |   |                  |                  |    |      |
  2 |  * | 843| 7|      * |     |        |        |    |        |     |   |          |   |   |     |     |   |    |       |  |       |   |                  |                  |    |      |
    |  3 | 843| 7| 3000860|13487| -114.5 |        |    |        |   8 |   |          |   |   |     |     |   |    |       |  |       |   |                  |                  |    |      |
    |  3 | 843| 8| 3000860|13487| -114.1 |        |    |        |   8 |   |          | 23| 2 |  46 |     |   |    |  1000 |  |       |   |                  |                  |    |      |
    |  3 | 843| 9| 3000860|13487| -114.0 |        |    |        |   8 |   |          | 19| 2 |  46 |     |   |    |   776 |  |       |   |                  |                  |    |      |
    |  3 | 844| 0| 3000860|13487| -114.4 |        |    |        |   7 |   |          |   |   |     |     |   |    |       |  |       |   |                  |                  |    |      |
  2 |  * | 844| 1|      * |     |        |        |    |        |     |   |          |   |   |     |     |   |    |       |  |       |   |                  |                  |    |      |
    |  3 | 844| 1| 3000860|13487| -114.5 |        |    |        |   8 |   |          |   |   |     |     |   |    |       |  |       |   |                  |                  |    |      |
    |  3 | 844| 2| 3000860|13487| -114.4 |        |    |        |   8 |   |          |   |   |     |     |   |    |       |  |       |   |                  |                  |    |      |
    |  3 | 844| 3| 3000860|13487| -114.5 |        |    |        |   7 |   |          |   |   |     |     |   |    |       |  |       |   |                  |                  |    |      |
    |  3 | 844| 4| 3000860|13487|        |  -96.7 |    |        |  27 | N |    16QAM |   | 2 |  46 |  47 | Y |    |  1000 |  |     0 |   |                  |                  | ACK|    4 |
    |  3 | 844| 5| 3000860|13487|        |  -96.7 |    |        |  25 | N |    16QAM |   | 2 |  46 |  47 | Y |    |   776 |  |     0 |   |                  |                  | ACK|    5 |
  2 |  * | 844| 6|      * |     |        |        |    |        |     |   |          |   |   |     |     |   |    |       |  |       |   |                  |                  |    |      |
    |  3 | 844| 6| 3000860|13487| -114.8 |        |    |        |   7 |   |          |   |   |     |     |   |    |       |  |       |   |                  |                  |    |      |
    |  3 | 844| 7| 3000860|13487| -114.8 |        |    |        |   8 |   |          |   |   |     |     |   |    |       |  |       |   |                  |                  |    |      |
  2 |  * | 844| 8|      * |     |        |        |    |        |     |   |          |   |   |     |     |   |    |       |  |       |   |                  |                  |    |      |
    |  3 | 844| 8| 3000860|13487| -114.6 |        |    |        |   7 |   |          |   |   |     |     |   |    |       |  |       |   |                  |                  |    |      |
lost|cell|sfn |sf|bbUeRef |rnti |pucchPwr|puschPwr|gain|puschTpc|sinr |dtx|modulation|mcs|prb|prbSt|prbEn|ndf|bler|tbs    |sr|bsr    |phr|pucchIntNoisePower|puschIntNoisePower|harq|procId|
    |  3 | 844| 9| 3000860|13487| -113.8 |        |    |        |   8 |   |          | 19| 2 |  46 |     |   |    |   776 |  |       |   |                  |                  |    |      |
    |  3 | 845| 0| 3000860|13487| -114.6 |        |    |        |   7 |   |          |   |   |     |     |   |    |       |  |       |   |                  |                  |    |      |
  2 |  * | 845| 1|      * |     |        |        |    |        |     |   |          |   |   |     |     |   |    |       |  |       |   |                  |                  |    |      |
    |  3 | 845| 1| 3000860|13487| -114.3 |        |    |        |   9 |   |          |   |   |     |     |   |    |       |  |       |   |                  |                  |    |      |
    |  3 | 845| 2| 3000860|13487| -114.6 |        |    |        |   8 |   |          |   |   |     |     |   |    |       |  |       |   |                  |                  |    |      |
    |  3 | 845| 3| 3000860|13487| -114.9 |        |    |        |   7 |   |          |   |   |     |     |   |    |       |  |       |   |                  |                  |    |      |
    |  3 | 845| 4| 3000860|13487| -114.2 |        |    |        |   8 |   |          |   |   |     |     |   |    |       |  |       |   |                  |                  |    |      |
    |  3 | 845| 5| 3000860|13487|        |  -96.5 |    |        |  26 | N |    16QAM |   | 2 |  46 |  47 | Y |    |   776 |  |     0 |   |                  |                  | ACK|    7 |
  2 |  * | 845| 6|      * |     |        |        |    |        |     |   |          |   |   |     |     |   |    |       |  |       |   |                  |                  |    |      |
    |  3 | 845| 6| 3000860|13487| -114.6 |        |    |        |   8 |   |          |   |   |     |     |   |    |       |  |       |   |                  |                  |    |      |
    |  3 | 845| 7| 3000860|13487| -114.4 |        |    |        |   8 |   |          |   |   |     |     |   |    |       |  |       |   |                  |                  |    |      |
    |  3 | 845| 8| 3000860|13487| -114.5 |        |    |        |   8 |   |          |   |   |     |     |   |    |       |  |       |   |                  |                  |    |      |
  2 |  * | 845| 9|      * |     |        |        |    |        |     |   |          |   |   |     |     |   |    |       |  |       |   |                  |                  |    |      |
    |  3 | 846| 5| 3000860|13487|        |        |    |        |     |   |    16QAM |   | 2 |  46 |  47 | Y |    |   776 |  |       |   |                  |                  |    |    1 |
 667|  * | 873| 5|      * |     |        |        |    |        |     |   |          |   |   |     |     |   |    |       |  |       |   |                  |                  |    |      |
    |  3 | 873| 5| 3000860|13487|        |  -96.7 |    |        |  26 | N |          |   | 2 |  46 |  47 |   |    |       |  |     0 |   |                  |                  | ACK|    7 |
    |  3 | 873| 6| 3000860|13487| -114.2 |        |    |        |   8 |   |          |   |   |     |     |   |    |       |SR|       |   |                  |                  |    |      |
3401|  * | 873| 7|      * |     |        |        |    |        |     |   |          |   |   |     |     |   |    |       |  |       |   |                  |                  |    |      |
    |  3 | 873| 7| 3000860|13487| -114.6 |        |    |        |   8 |   |          |   |   |     |     |   |    |       |  |       |   |                  |                  |    |      |
  4 |  * | 873| 8|      * |     |        |        |    |        |     |   |          |   |   |     |     |   |    |       |  |       |   |                  |                  |    |      |
    |  3 | 873| 8| 3000860|13487| -114.4 |        |    |        |   7 |   |          | 23| 2 |  46 |     |   |    |  1000 |  |       |   |                  |                  |    |      |
  2 |  * | 873| 9|      * |     |        |        |    |        |     |   |          |   |   |     |     |   |    |       |  |       |   |                  |                  |    |      |
    |  3 | 873| 9| 3000860|13487| -115.1 |        |    |        |   7 |   |          | 19| 2 |  46 |     |   |    |   776 |  |       |   |                  |                  |    |      |
  2 |  * | 874| 0|      * |     |        |        |    |        |     |   |          |   |   |     |     |   |    |       |  |       |   |                  |                  |    |      |
    |  3 | 874| 0| 3000860|13487| -114.2 |        |    |        |   8 |   |          |   |   |     |     |   |    |       |  |       |   |                  |                  |    |      |
    |  3 | 874| 1| 3000860|13487| -113.9 |        |    |        |   8 |   |          |   |   |     |     |   |    |       |  |       |   |                  |                  |    |      |
  2 |  * | 874| 2|      * |     |        |        |    |        |     |   |          |   |   |     |     |   |    |       |  |       |   |                  |                  |    |      |
    |  3 | 874| 2| 3000860|13487| -114.7 |        |    |        |   7 |   |          |   |   |     |     |   |    |       |  |       |   |                  |                  |    |      |
    |  3 | 874| 3| 3000860|13487| -114.3 |        |    |        |   7 |   |          |   |   |     |     |   |    |       |  |       |   |                  |                  |    |      |
  2 |  * | 874| 4|      * |     |        |        |    |        |     |   |          |   |   |     |     |   |    |       |  |       |   |                  |                  |    |      |
    |  3 | 874| 4| 3000860|13487|        |  -96.7 |    |        |  25 | N |    16QAM |   | 2 |  46 |  47 | Y |    |  1000 |  |     0 |   |                  |                  | ACK|    0 |
    |  3 | 874| 5| 3000860|13487|        |  -96.6 |    |        |  26 | N |    16QAM |   | 2 |  46 |  47 | Y |    |   776 |  |       |   |                  |                  |    |    1 |
  2 |  * | 874| 6|      * |     |        |        |    |        |     |   |          |   |   |     |     |   |    |       |  |       |   |                  |                  |    |      |
    |  3 | 874| 6| 3000860|13487| -114.1 |        |    |        |   8 |   |          |   |   |     |     |   |    |       |  |       |   |                  |                  |    |      |
  2 |  * | 874| 7|      * |     |        |        |    |        |     |   |          |   |   |     |     |   |    |       |  |       |   |                  |                  |    |      |
    |  3 | 874| 7| 3000860|13487| -115.0 |        |    |        |   7 |   |          |   |   |     |     |   |    |       |  |       |   |                  |                  |    |      |
  4 |  * | 874| 8|      * |     |        |        |    |        |     |   |          |   |   |     |     |   |    |       |  |       |   |                  |                  |    |      |
    |  3 | 874| 8| 3000860|13487| -114.8 |        |    |        |   7 |   |          |   |   |     |     |   |    |       |  |       |   |                  |                  |    |      |
    |  3 | 874| 9| 3000860|13487| -114.2 |        |    |        |   8 |   |          | 19| 2 |  46 |     |   |    |   776 |  |       |   |                  |                  |    |      |
    |  3 | 875| 0| 3000860|13487| -114.4 |        |    |        |   7 |   |          |   |   |     |     |   |    |       |  |       |   |                  |                  |    |      |
lost|cell|sfn |sf|bbUeRef |rnti |pucchPwr|puschPwr|gain|puschTpc|sinr |dtx|modulation|mcs|prb|prbSt|prbEn|ndf|bler|tbs    |sr|bsr    |phr|pucchIntNoisePower|puschIntNoisePower|harq|procId|
  2 |  * | 875| 1|      * |     |        |        |    |        |     |   |          |   |   |     |     |   |    |       |  |       |   |                  |                  |    |      |
    |  3 | 875| 1| 3000860|13487| -114.4 |        |    |        |   8 |   |          |   |   |     |     |   |    |       |  |       |   |                  |                  |    |      |
    |  3 | 875| 2| 3000860|13487| -114.2 |        |    |        |   8 |   |          |   |   |     |     |   |    |       |  |       |   |                  |                  |    |      |
  2 |  * | 875| 4|      * |     |        |        |    |        |     |   |          |   |   |     |     |   |    |       |  |       |   |                  |                  |    |      |
    |  3 | 875| 5| 3000860|13487|        |        |    |        |     |   |    16QAM |   | 2 |  46 |  47 | Y |    |   776 |  |       |   |                  |                  |    |    3 |
3131|  * | 905| 5|      * |     |        |        |    |        |     |   |          |   |   |     |     |   |    |       |  |       |   |                  |                  |    |      |
 608|  * | 905| 6|      * |     |        |        |    |        |     |   |          |   |   |     |     |   |    |       |  |       |   |                  |                  |    |      |
    |  3 | 905| 6| 3000860|13487| -114.7 |        |    |        |   8 |   |          |   |   |     |     |   |    |       |  |       |   |                  |                  |    |      |
    |  3 | 905| 7| 3000860|13487| -114.7 |        |    |        |   8 |   |          |   |   |     |     |   |    |       |  |       |   |                  |                  |    |      |
 734|  * | 905| 8|      * |     |        |        |    |        |     |   |          |   |   |     |     |   |    |       |  |       |   |                  |                  |    |      |
    |  3 | 905| 8| 3000860|13487| -114.4 |        |    |        |   8 |   |          |   |   |     |     |   |    |       |  |       |   |                  |                  |    |      |
  2 |  * | 905| 9|      * |     |        |        |    |        |     |   |          |   |   |     |     |   |    |       |  |       |   |                  |                  |    |      |
    |  3 | 905| 9| 3000860|13487| -114.3 |        |    |        |   8 |   |          | 19| 2 |  46 |     |   |    |   776 |  |       |   |                  |                  |    |      |
    |  3 | 906| 0| 3000860|13487| -114.6 |        |    |        |   8 |   |          |   |   |     |     |   |    |       |  |       |   |                  |                  |    |      |
    |  3 | 906| 1| 3000860|13487| -114.9 |        |    |        |   7 |   |          |   |   |     |     |   |    |       |  |       |   |                  |                  |    |      |
    |  3 | 906| 2| 3000860|13487| -114.2 |        |    |        |   8 |   |          |   |   |     |     |   |    |       |  |       |   |                  |                  |    |      |
    |  3 | 906| 3| 3000860|13487| -114.6 |        |    |        |   7 |   |          |   |   |     |     |   |    |       |  |       |   |                  |                  |    |      |
  2 |  * | 906| 4|      * |     |        |        |    |        |     |   |          |   |   |     |     |   |    |       |  |       |   |                  |                  |    |      |
    |  3 | 906| 4| 3000860|13487| -114.7 |        |    |        |   8 |   |          |   |   |     |     |   |    |       |  |       |   |                  |                  |    |      |
  2 |  * | 906| 5|      * |     |        |        |    |        |     |   |          |   |   |     |     |   |    |       |  |       |   |                  |                  |    |      |
    |  3 | 906| 5| 3000860|13487|        |  -96.6 |    |        |  27 | N |    16QAM |   | 2 |  46 |  47 | Y |    |   776 |  |     0 | 40|                  |                  | ACK|    1 |
    |  3 | 906| 6| 3000860|13487| -114.3 |        |    |        |   7 |   |          |   |   |     |     |   |    |       |SR|       |   |                  |                  |    |      |
    |  3 | 906| 7| 3000860|13487| -114.7 |        |    |        |   8 |   |          |   |   |     |     |   |    |       |  |       |   |                  |                  |    |      |
  2 |  * | 906| 8|      * |     |        |        |    |        |     |   |          |   |   |     |     |   |    |       |  |       |   |                  |                  |    |      |
    |  3 | 906| 8| 3000860|13487| -114.5 |        |    |        |   7 |   |          | 23| 2 |  46 |     |   |    |  1000 |  |       |   |                  |                  |    |      |
    |  3 | 906| 9| 3000860|13487| -114.3 |        |    |        |   8 |   |          | 19| 2 |  46 |     |   |    |   776 |  |       |   |                  |                  |    |      |
    |  3 | 907| 0| 3000860|13487| -114.3 |        |    |        |   8 |   |          |   |   |     |     |   |    |       |  |       |   |                  |                  |    |      |
  2 |  * | 907| 1|      * |     |        |        |    |        |     |   |          |   |   |     |     |   |    |       |  |       |   |                  |                  |    |      |
    |  3 | 907| 1| 3000860|13487| -114.5 |        |    |        |   8 |   |          |   |   |     |     |   |    |       |  |       |   |                  |                  |    |      |
    |  3 | 907| 2| 3000860|13487| -113.9 |        |    |        |   8 |   |          |   |   |     |     |   |    |       |  |       |   |                  |                  |    |      |
    |  3 | 907| 3| 3000860|13487| -114.5 |        |    |        |   8 |   |          |   |   |     |     |   |    |       |  |       |   |                  |                  |    |      |
    |  3 | 907| 4| 3000860|13487|        |  -96.7 |    |        |  26 | N |    16QAM |   | 2 |  46 |  47 | Y |    |  1000 |  |       |   |                  |                  |    |    2 |
    |  3 | 907| 5| 3000860|13487|        |        |    |        |     |   |    16QAM |   | 2 |  46 |  47 | Y |    |   776 |  |       |   |                  |                  |    |    3 |
  2 |  * | 907| 6|      * |     |        |        |    |        |     |   |          |   |   |     |     |   |    |       |  |       |   |                  |                  |    |      |
3404|  * | 940| 4|      * |     |        |        |    |        |     |   |          |   |   |     |     |   |    |       |  |       |   |                  |                  |    |      |
    |  3 | 940| 4| 3000860|13487| -114.2 |        |    |        |   8 |   |          |   |   |     |     |   |    |       |  |       |   |                  |                  |    |      |
 661|  * | 940| 5|      * |     |        |        |    |        |     |   |          |   |   |     |     |   |    |       |  |       |   |                  |                  |    |      |
    |  3 | 940| 5| 3000860|13487| -114.5 |        |    |        |   7 |   |          |   |   |     |     |   |    |       |  |       |   |                  |                  |    |      |
    |  3 | 940| 6| 3000860|13487|        |  -96.6 |    |        |  25 | N |          |   | 2 |  46 |  47 |   |    |       |  |     0 |   |                  |                  | ACK|    6 |
 799|  * | 940| 7|      * |     |        |        |    |        |     |   |          |   |   |     |     |   |    |       |  |       |   |                  |                  |    |      |
lost|cell|sfn |sf|bbUeRef |rnti |pucchPwr|puschPwr|gain|puschTpc|sinr |dtx|modulation|mcs|prb|prbSt|prbEn|ndf|bler|tbs    |sr|bsr    |phr|pucchIntNoisePower|puschIntNoisePower|harq|procId|
    |  3 | 940| 7| 3000860|13487| -114.1 |        |    |        |   8 |   |          |   |   |     |     |   |    |       |  |       |   |                  |                  |    |      |
    |  3 | 940| 8| 3000860|13487| -114.2 |        |    |        |   8 |   |          |   |   |     |     |   |    |       |  |       |   |                  |                  |    |      |
    |  3 | 940| 9| 3000860|13487| -114.8 |        |    |        |   7 |   |          |   |   |     |     |   |    |       |  |       |   |                  |                  |    |      |
  2 |  * | 941| 0|      * |     |        |        |    |        |     |   |          |   |   |     |     |   |    |       |  |       |   |                  |                  |    |      |
    |  3 | 941| 0| 3000860|13487| -114.2 |        |    |        |   8 |   |          | 19| 2 |  46 |     |   |    |   776 |  |       |   |                  |                  |    |      |
    |  3 | 941| 1| 3000860|13487| -114.1 |        |    |        |   8 |   |          |   |   |     |     |   |    |       |  |       |   |                  |                  |    |      |
    |  3 | 941| 2| 3000860|13487| -114.7 |        |    |        |   7 |   |          |   |   |     |     |   |    |       |  |       |   |                  |                  |    |      |
  2 |  * | 941| 3|      * |     |        |        |    |        |     |   |          |   |   |     |     |   |    |       |  |       |   |                  |                  |    |      |
    |  3 | 941| 3| 3000860|13487| -114.5 |        |    |        |   8 |   |          |   |   |     |     |   |    |       |  |       |   |                  |                  |    |      |
    |  3 | 941| 4| 3000860|13487| -113.9 |        |    |        |   8 |   |          |   |   |     |     |   |    |       |  |       |   |                  |                  |    |      |
    |  3 | 941| 5| 3000860|13487| -114.5 |        |    |        |   8 |   |          |   |   |     |     |   |    |       |  |       |   |                  |                  |    |      |
    |  3 | 941| 6| 3000860|13487|        |  -96.7 |    |        |  24 | N |    16QAM |   | 2 |  46 |  47 | Y |    |   776 |  |     0 |   |                  |                  | ACK|    0 |
  2 |  * | 941| 7|      * |     |        |        |    |        |     |   |          |   |   |     |     |   |    |       |  |       |   |                  |                  |    |      |
    |  3 | 941| 7| 3000860|13487| -114.8 |        |    |        |   7 |   |          |   |   |     |     |   |    |       |  |       |   |                  |                  |    |      |
    |  3 | 941| 8| 3000860|13487| -114.4 |        |    |        |   7 |   |          |   |   |     |     |   |    |       |  |       |   |                  |                  |    |      |
    |  3 | 941| 9| 3000860|13487| -114.5 |        |    |        |   7 |   |          |   |   |     |     |   |    |       |  |       |   |                  |                  |    |      |
    |  3 | 942| 0| 3000860|13487| -114.6 |        |    |        |   7 |   |          | 19| 2 |  46 |     |   |    |   776 |  |       |   |                  |                  |    |      |
  2 |  * | 942| 1|      * |     |        |        |    |        |     |   |          |   |   |     |     |   |    |       |  |       |   |                  |                  |    |      |
    |  3 | 942| 1| 3000860|13487| -114.5 |        |    |        |   8 |   |          |   |   |     |     |   |    |       |  |       |   |                  |                  |    |      |
    |  3 | 942| 2| 3000860|13487| -114.0 |        |    |        |   8 |   |          |   |   |     |     |   |    |       |  |       |   |                  |                  |    |      |
  2 |  * | 942| 4|      * |     |        |        |    |        |     |   |          |   |   |     |     |   |    |       |  |       |   |                  |                  |    |      |
    |  3 | 942| 6| 3000860|13487|        |        |    |        |     |   |    16QAM |   | 2 |  46 |  47 | Y |    |   776 |  |       |   |                  |                  |    |    2 |
4239|  * | 976| 0|      * |     |        |        |    |        |     |   |          |   |   |     |     |   |    |       |  |       |   |                  |                  |    |      |
    |  3 | 976| 0| 3000860|13487| -114.0 |        |    |        |   8 |   |          | 19| 2 |  46 |     |   |    |   776 |  |       |   |                  |                  |    |      |
 675|  * | 976| 1|      * |     |        |        |    |        |     |   |          |   |   |     |     |   |    |       |  |       |   |                  |                  |    |      |
    |  3 | 976| 1| 3000860|13487| -115.2 |        |    |        |   6 |   |          |   |   |     |     |   |    |       |  |       |   |                  |                  |    |      |
    |  3 | 976| 2| 3000860|13487| -114.6 |        |    |        |   8 |   |          |   |   |     |     |   |    |       |  |       |   |                  |                  |    |      |
    |  3 | 976| 3| 3000860|13487| -114.5 |        |    |        |   8 |   |          |   |   |     |     |   |    |       |  |       |   |                  |                  |    |      |
    |  3 | 976| 4| 3000860|13487| -114.5 |        |    |        |   7 |   |          |   |   |     |     |   |    |       |  |       |   |                  |                  |    |      |
  2 |  * | 976| 5|      * |     |        |        |    |        |     |   |          |   |   |     |     |   |    |       |  |       |   |                  |                  |    |      |
    |  3 | 976| 5| 3000860|13487| -114.1 |        |    |        |   8 |   |          |   |   |     |     |   |    |       |  |       |   |                  |                  |    |      |
    |  3 | 976| 6| 3000860|13487|        |  -96.6 |    |        |  25 | N |    16QAM |   | 2 |  46 |  47 | Y |    |   776 |  |     0 |   |                  |                  | ACK|    6 |
    |  3 | 976| 7| 3000860|13487| -114.9 |        |    |        |   7 |   |          |   |   |     |     |   |    |       |  |       |   |                  |                  |    |      |
  2 |  * | 976| 8|      * |     |        |        |    |        |     |   |          |   |   |     |     |   |    |       |  |       |   |                  |                  |    |      |
    |  3 | 976| 8| 3000860|13487| -115.0 |        |    |        |   6 |   |          |   |   |     |     |   |    |       |  |       |   |                  |                  |    |      |
    |  3 | 976| 9| 3000860|13487| -114.0 |        |    |        |   9 |   |          |   |   |     |     |   |    |       |  |       |   |                  |                  |    |      |
    |  3 | 977| 0| 3000860|13487| -114.4 |        |    |        |   8 |   |          | 19| 2 |  46 |     |   |    |   776 |  |       |   |                  |                  |    |      |
    |  3 | 977| 1| 3000860|13487| -114.2 |        |    |        |   8 |   |          |   |   |     |     |   |    |       |  |       |   |                  |                  |    |      |
    |  3 | 977| 2| 3000860|13487| -114.2 |        |    |        |   8 |   |          |   |   |     |     |   |    |       |  |       |   |                  |                  |    |      |
    |  3 | 977| 3| 3000860|13487| -115.1 |        |    |        |   7 |   |          |   |   |     |     |   |    |       |  |       |   |                  |                  |    |      |
lost|cell|sfn |sf|bbUeRef |rnti |pucchPwr|puschPwr|gain|puschTpc|sinr |dtx|modulation|mcs|prb|prbSt|prbEn|ndf|bler|tbs    |sr|bsr    |phr|pucchIntNoisePower|puschIntNoisePower|harq|procId|
    |  3 | 977| 4| 3000860|13487| -115.3 |        |    |        |   6 |   |          |   |   |     |     |   |    |       |  |       |   |                  |                  |    |      |
    |  3 | 977| 5| 3000860|13487| -114.4 |        |    |        |   8 |   |          |   |   |     |     |   |    |       |  |       |   |                  |                  |    |      |
  2 |  * | 977| 6|      * |     |        |        |    |        |     |   |          |   |   |     |     |   |    |       |  |       |   |                  |                  |    |      |
    |  3 | 977| 6| 3000860|13487|        |  -96.6 |    |        |  26 | N |    16QAM |   | 2 |  46 |  47 | Y |    |   776 |  |     0 |   |                  |                  | ACK|    0 |
  2 |  * | 977| 7|      * |     |        |        |    |        |     |   |          |   |   |     |     |   |    |       |  |       |   |                  |                  |    |      |
    |  3 | 977| 7| 3000860|13487| -114.5 |        |    |        |   7 |   |          |   |   |     |     |   |    |       |  |       |   |                  |                  |    |      |
    |  3 | 977| 8| 3000860|13487| -114.6 |        |    |        |   8 |   |          |   |   |     |     |   |    |       |  |       |   |                  |                  |    |      |
  2 |  * | 977| 9|      * |     |        |        |    |        |     |   |          |   |   |     |     |   |    |       |  |       |   |                  |                  |    |      |
    |  3 | 977| 9| 3000860|13487| -114.8 |        |    |        |   7 |   |          |   |   |     |     |   |    |       |  |       |   |                  |                  |    |      |
    |  3 | 978| 6| 3000860|13487|        |        |    |        |     |   |    16QAM |   | 2 |  46 |  47 | Y |    |   776 |  |       |   |                  |                  |    |    2 |
4155|  * |1011| 0|      * |     |        |        |    |        |     |   |          |   |   |     |     |   |    |       |  |       |   |                  |                  |    |      |
    |  3 |1011| 0| 3000860|13487| -114.1 |        |    |        |   8 |   |          | 19| 2 |  46 |     |   |    |   776 |  |       |   |                  |                  |    |      |
 663|  * |1011| 1|      * |     |        |        |    |        |     |   |          |   |   |     |     |   |    |       |  |       |   |                  |                  |    |      |
    |  3 |1011| 1| 3000860|13487| -114.8 |        |    |        |   8 |   |          |   |   |     |     |   |    |       |  |       |   |                  |                  |    |      |
    |  3 |1011| 2| 3000860|13487| -114.5 |        |    |        |   7 |   |          |   |   |     |     |   |    |       |  |       |   |                  |                  |    |      |
    |  3 |1011| 3| 3000860|13487| -114.6 |        |    |        |   8 |   |          |   |   |     |     |   |    |       |  |       |   |                  |                  |    |      |
  2 |  * |1011| 4|      * |     |        |        |    |        |     |   |          |   |   |     |     |   |    |       |  |       |   |                  |                  |    |      |
    |  3 |1011| 4| 3000860|13487| -114.6 |        |    |        |   7 |   |          |   |   |     |     |   |    |       |  |       |   |                  |                  |    |      |
    |  3 |1011| 5| 3000860|13487| -115.1 |        |    |        |   7 |   |          |   |   |     |     |   |    |       |  |       |   |                  |                  |    |      |
    |  3 |1011| 6| 3000860|13487|        |  -96.7 |    |        |  26 | N |    16QAM |   | 2 |  46 |  47 | Y |    |   776 |  |     0 |   |                  |                  | ACK|    4 |
  2 |  * |1011| 7|      * |     |        |        |    |        |     |   |          |   |   |     |     |   |    |       |  |       |   |                  |                  |    |      |
    |  3 |1011| 7| 3000860|13487| -114.5 |        |    |        |   8 |   |          |   |   |     |     |   |    |       |  |       |   |                  |                  |    |      |
    |  3 |1011| 8| 3000860|13487| -114.1 |        |    |        |   7 |   |          |   |   |     |     |   |    |       |  |       |   |                  |                  |    |      |
    |  3 |1011| 9| 3000860|13487| -114.2 |        |    |        |   8 |   |          |   |   |     |     |   |    |       |  |       |   |                  |                  |    |      |
    |  3 |1012| 0| 3000860|13487| -113.7 |        |    |        |   9 |   |          | 19| 2 |  46 |     |   |    |   776 |  |       |   |                  |                  |    |      |
  2 |  * |1012| 1|      * |     |        |        |    |        |     |   |          |   |   |     |     |   |    |       |  |       |   |                  |                  |    |      |
    |  3 |1012| 1| 3000860|13487| -114.5 |        |    |        |   7 |   |          |   |   |     |     |   |    |       |  |       |   |                  |                  |    |      |
    |  3 |1012| 2| 3000860|13487| -114.3 |        |    |        |   8 |   |          |   |   |     |     |   |    |       |  |       |   |                  |                  |    |      |
    |  3 |1012| 3| 3000860|13487| -114.2 |        |    |        |   8 |   |          |   |   |     |     |   |    |       |  |       |   |                  |                  |    |      |
    |  3 |1012| 4| 3000860|13487| -114.5 |        |    |        |   7 |   |          |   |   |     |     |   |    |       |  |       |   |                  |                  |    |      |
  2 |  * |1012| 5|      * |     |        |        |    |        |     |   |          |   |   |     |     |   |    |       |  |       |   |                  |                  |    |      |
    |  3 |1012| 5| 3000860|13487| -114.4 |        |    |        |   7 |   |          |   |   |     |     |   |    |       |  |       |   |                  |                  |    |      |
    |  3 |1012| 6| 3000860|13487|        |  -96.7 |    |        |  26 | N |    16QAM |   | 2 |  46 |  47 | Y |    |   776 |  |     0 |   |                  |                  | ACK|    6 |
    |  3 |1012| 7| 3000860|13487| -114.2 |        |    |        |   8 |   |          |   |   |     |     |   |    |       |  |       |   |                  |                  |    |      |
  2 |  * |1012| 8|      * |     |        |        |    |        |     |   |          |   |   |     |     |   |    |       |  |       |   |                  |                  |    |      |
    |  3 |1012| 8| 3000860|13487| -114.7 |        |    |        |   7 |   |          |   |   |     |     |   |    |       |  |       |   |                  |                  |    |      |
    |  3 |1012| 9| 3000860|13487| -114.7 |        |    |        |   7 |   |          |   |   |     |     |   |    |       |  |       |   |                  |                  |    |      |
    |  3 |1013| 0| 3000860|13487| -114.5 |        |    |        |   7 |   |          |   |   |     |     |   |    |       |  |       |   |                  |                  |    |      |
  2 |  * |1013| 6|      * |     |        |        |    |        |     |   |          |   |   |     |     |   |    |       |  |       |   |                  |                  |    |      |
    |  3 |1013| 6| 3000860|13487|        |        |    |        |     |   |    16QAM |   | 2 |  46 |  47 | Y |    |   776 |  |       |   |                  |                  |    |    0 |
lost|cell|sfn |sf|bbUeRef |rnti |pucchPwr|puschPwr|gain|puschTpc|sinr |dtx|modulation|mcs|prb|prbSt|prbEn|ndf|bler|tbs    |sr|bsr    |phr|pucchIntNoisePower|puschIntNoisePower|harq|procId|
 595|  * | 18 | 8|      * |     |        |        |    |        |     |   |          |   |   |     |     |   |    |       |  |       |   |                  |                  |    |      |
    |  3 | 18 | 8| 3000860|13487| -114.3 |        |    |        |   8 |   |          |   |   |     |     |   |    |       |  |       |   |                  |                  |    |      |
    |  3 | 18 | 9| 3000860|13487| -114.2 |        |    |        |   8 |   |          |   |   |     |     |   |    |       |  |       |   |                  |                  |    |      |
3740|  * | 19 | 0|      * |     |        |        |    |        |     |   |          |   |   |     |     |   |    |       |  |       |   |                  |                  |    |      |
    |  3 | 19 | 0| 3000860|13487| -114.4 |        |    |        |   7 |   |          | 19| 2 |  46 |     |   |    |   776 |  |       |   |                  |                  |    |      |
    |  3 | 19 | 1| 3000860|13487| -114.7 |        |    |        |   8 |   |          |   |   |     |     |   |    |       |  |       |   |                  |                  |    |      |
  2 |  * | 19 | 2|      * |     |        |        |    |        |     |   |          |   |   |     |     |   |    |       |  |       |   |                  |                  |    |      |
    |  3 | 19 | 2| 3000860|13487| -114.8 |        |    |        |   7 |   |          |   |   |     |     |   |    |       |  |       |   |                  |                  |    |      |
    |  3 | 19 | 3| 3000860|13487| -114.9 |        |    |        |   7 |   |          |   |   |     |     |   |    |       |  |       |   |                  |                  |    |      |
    |  3 | 19 | 4| 3000860|13487| -115.0 |        |    |        |   7 |   |          |   |   |     |     |   |    |       |  |       |   |                  |                  |    |      |
    |  3 | 19 | 5| 3000860|13487| -114.5 |        |    |        |   8 |   |          |   |   |     |     |   |    |       |  |       |   |                  |                  |    |      |
    |  3 | 19 | 6| 3000860|13487|        |  -96.7 |    |        |  25 | N |    16QAM |   | 2 |  46 |  47 | Y |    |   776 |  |     0 |   |                  |                  | ACK|    4 |
  2 |  * | 19 | 7|      * |     |        |        |    |        |     |   |          |   |   |     |     |   |    |       |  |       |   |                  |                  |    |      |
    |  3 | 19 | 7| 3000860|13487| -114.5 |        |    |        |   8 |   |          |   |   |     |     |   |    |       |  |       |   |                  |                  |    |      |
    |  3 | 19 | 8| 3000860|13487| -114.6 |        |    |        |   8 |   |          |   |   |     |     |   |    |       |  |       |   |                  |                  |    |      |
    |  3 | 19 | 9| 3000860|13487| -114.3 |        |    |        |   8 |   |          |   |   |     |     |   |    |       |  |       |   |                  |                  |    |      |
  2 |  * | 20 | 0|      * |     |        |        |    |        |     |   |          |   |   |     |     |   |    |       |  |       |   |                  |                  |    |      |
    |  3 | 20 | 0| 3000860|13487| -114.6 |        |    |        |   8 |   |          | 19| 2 |  46 |     |   |    |   776 |  |       |   |                  |                  |    |      |
    |  3 | 20 | 1| 3000860|13487| -114.8 |        |    |        |   7 |   |          |   |   |     |     |   |    |       |  |       |   |                  |                  |    |      |
    |  3 | 20 | 2| 3000860|13487| -114.6 |        |    |        |   7 |   |          |   |   |     |     |   |    |       |  |       |   |                  |                  |    |      |
  2 |  * | 20 | 3|      * |     |        |        |    |        |     |   |          |   |   |     |     |   |    |       |  |       |   |                  |                  |    |      |
    |  3 | 20 | 3| 3000860|13487| -114.5 |        |    |        |   8 |   |          |   |   |     |     |   |    |       |  |       |   |                  |                  |    |      |
    |  3 | 20 | 4| 3000860|13487| -114.3 |        |    |        |   8 |   |          |   |   |     |     |   |    |       |  |       |   |                  |                  |    |      |
    |  3 | 20 | 5| 3000860|13487| -114.6 |        |    |        |   8 |   |          |   |   |     |     |   |    |       |  |       |   |                  |                  |    |      |
    |  3 | 20 | 6| 3000860|13487|        |  -96.6 |    |        |  26 | N |    16QAM |   | 2 |  46 |  47 | Y |    |   776 |  |     0 |   |                  |                  | ACK|    6 |
  2 |  * | 20 | 7|      * |     |        |        |    |        |     |   |          |   |   |     |     |   |    |       |  |       |   |                  |                  |    |      |
    |  3 | 20 | 7| 3000860|13487| -114.1 |        |    |        |   8 |   |          |   |   |     |     |   |    |       |  |       |   |                  |                  |    |      |
4063|  * | 53 | 0|      * |     |        |        |    |        |     |   |          |   |   |     |     |   |    |       |  |       |   |                  |                  |    |      |
    |  3 | 53 | 0| 3000860|13487|        |        |    |        |     |   |          | 19| 2 |  46 |     |   |    |   776 |  |       |   |                  |                  |    |      |
 647|  * | 53 | 1|      * |     |        |        |    |        |     |   |          |   |   |     |     |   |    |       |  |       |   |                  |                  |    |      |
    |  3 | 53 | 1| 3000860|13487| -114.3 |        |    |        |   8 |   |          |   |   |     |     |   |    |       |  |       |   |                  |                  |    |      |
    |  3 | 53 | 2| 3000860|13487| -114.7 |        |    |        |   7 |   |          |   |   |     |     |   |    |       |  |       |   |                  |                  |    |      |
    |  3 | 53 | 3| 3000860|13487| -114.6 |        |    |        |   7 |   |          |   |   |     |     |   |    |       |  |       |   |                  |                  |    |      |
    |  3 | 53 | 4| 3000860|13487| -114.1 |        |    |        |   8 |   |          |   |   |     |     |   |    |       |  |       |   |                  |                  |    |      |
    |  3 | 53 | 5| 3000860|13487| -114.6 |        |    |        |   7 |   |          |   |   |     |     |   |    |       |  |       |   |                  |                  |    |      |
    |  3 | 53 | 6| 3000860|13487|        |  -96.6 |    |        |  25 | N |    16QAM |   | 2 |  46 |  47 | Y |    |   776 |  |     0 |   |                  |                  | ACK|    0 |
  2 |  * | 53 | 7|      * |     |        |        |    |        |     |   |          |   |   |     |     |   |    |       |  |       |   |                  |                  |    |      |
    |  3 | 53 | 7| 3000860|13487| -114.4 |        |    |        |   8 |   |          |   |   |     |     |   |    |       |  |       |   |                  |                  |    |      |
    |  3 | 53 | 8| 3000860|13487| -114.1 |        |    |        |   8 |   |          |   |   |     |     |   |    |       |  |       |   |                  |                  |    |      |
    |  3 | 53 | 9| 3000860|13487| -114.2 |        |    |        |   8 |   |          |   |   |     |     |   |    |       |  |       |   |                  |                  |    |      |
lost|cell|sfn |sf|bbUeRef |rnti |pucchPwr|puschPwr|gain|puschTpc|sinr |dtx|modulation|mcs|prb|prbSt|prbEn|ndf|bler|tbs    |sr|bsr    |phr|pucchIntNoisePower|puschIntNoisePower|harq|procId|
    |  3 | 54 | 0| 3000860|13487| -114.1 |        |    |        |   9 |   |          | 19| 2 |  46 |     |   |    |   776 |  |       |   |                  |                  |    |      |
  2 |  * | 54 | 1|      * |     |        |        |    |        |     |   |          |   |   |     |     |   |    |       |  |       |   |                  |                  |    |      |
    |  3 | 54 | 1| 3000860|13487| -114.2 |        |    |        |   8 |   |          |   |   |     |     |   |    |       |  |       |   |                  |                  |    |      |
    |  3 | 54 | 2| 3000860|13487| -114.7 |        |    |        |   8 |   |          |   |   |     |     |   |    |       |  |       |   |                  |                  |    |      |
    |  3 | 54 | 3| 3000860|13487| -114.8 |        |    |        |   7 |   |          |   |   |     |     |   |    |       |  |       |   |                  |                  |    |      |
  2 |  * | 54 | 4|      * |     |        |        |    |        |     |   |          |   |   |     |     |   |    |       |  |       |   |                  |                  |    |      |
    |  3 | 54 | 4| 3000860|13487| -114.7 |        |    |        |   7 |   |          |   |   |     |     |   |    |       |  |       |   |                  |                  |    |      |
    |  3 | 54 | 5| 3000860|13487| -114.3 |        |    |        |   8 |   |          |   |   |     |     |   |    |       |  |       |   |                  |                  |    |      |
    |  3 | 54 | 6| 3000860|13487|        |  -96.6 |    |        |  25 | N |    16QAM |   | 2 |  46 |  47 | Y |    |   776 |  |     0 |   |                  |                  | ACK|    2 |
    |  3 | 54 | 7| 3000860|13487| -114.8 |        |    |        |   7 |   |          |   |   |     |     |   |    |       |  |       |   |                  |                  |    |      |
  2 |  * | 54 | 8|      * |     |        |        |    |        |     |   |          |   |   |     |     |   |    |       |  |       |   |                  |                  |    |      |
    |  3 | 54 | 8| 3000860|13487| -114.6 |        |    |        |   7 |   |          |   |   |     |     |   |    |       |  |       |   |                  |                  |    |      |
    |  3 | 54 | 9| 3000860|13487| -114.3 |        |    |        |   8 |   |          |   |   |     |     |   |    |       |  |       |   |                  |                  |    |      |
    |  3 | 55 | 0| 3000860|13487| -114.5 |        |    |        |   8 |   |          |   |   |     |     |   |    |       |  |       |   |                  |                  |    |      |
  2 |  * | 55 | 1|      * |     |        |        |    |        |     |   |          |   |   |     |     |   |    |       |  |       |   |                  |                  |    |      |
    |  3 | 55 | 1| 3000860|13487| -114.4 |        |    |        |   8 |   |          |   |   |     |     |   |    |       |  |       |   |                  |                  |    |      |
    |  3 | 55 | 6| 3000860|13487|        |        |    |        |     |   |    16QAM |   | 2 |  46 |  47 | Y |    |   776 |  |       |   |                  |                  |    |    4 |
 823|  * | 89 | 7|      * |     |        |        |    |        |     |   |          |   |   |     |     |   |    |       |  |       |   |                  |                  |    |      |
    |  3 | 89 | 7| 3000860|13487|        |        |    |        |     |   |          |   |   |     |     |   |    |       |  |     0 |   |                  |                  | ACK|    1 |
 691|  * | 89 | 8|      * |     |        |        |    |        |     |   |          |   |   |     |     |   |    |       |  |       |   |                  |                  |    |      |
    |  3 | 89 | 8| 3000860|13487| -114.5 |        |    |        |   8 |   |          |   |   |     |     |   |    |       |  |       |   |                  |                  |    |      |
    |  3 | 89 | 9| 3000860|13487| -114.7 |        |    |        |   7 |   |          |   |   |     |     |   |    |       |  |       |   |                  |                  |    |      |
3537|  * | 90 | 0|      * |     |        |        |    |        |     |   |          |   |   |     |     |   |    |       |  |       |   |                  |                  |    |      |
    |  3 | 90 | 0| 3000860|13487| -114.1 |        |    |        |   8 |   |          |   |   |     |     |   |    |       |  |       |   |                  |                  |    |      |
    |  3 | 90 | 1| 3000860|13487| -115.3 |        |    |        |   7 |   |          | 19| 2 |  46 |     |   |    |   776 |  |       |   |                  |                  |    |      |
    |  3 | 90 | 2| 3000860|13487| -114.4 |        |    |        |   8 |   |          |   |   |     |     |   |    |       |  |       |   |                  |                  |    |      |
  2 |  * | 90 | 3|      * |     |        |        |    |        |     |   |          |   |   |     |     |   |    |       |  |       |   |                  |                  |    |      |
    |  3 | 90 | 3| 3000860|13487| -114.4 |        |    |        |   7 |   |          |   |   |     |     |   |    |       |  |       |   |                  |                  |    |      |
    |  3 | 90 | 4| 3000860|13487| -114.2 |        |    |        |   7 |   |          |   |   |     |     |   |    |       |  |       |   |                  |                  |    |      |
    |  3 | 90 | 5| 3000860|13487| -114.7 |        |    |        |   8 |   |          |   |   |     |     |   |    |       |  |       |   |                  |                  |    |      |
  2 |  * | 90 | 6|      * |     |        |        |    |        |     |   |          |   |   |     |     |   |    |       |  |       |   |                  |                  |    |      |
    |  3 | 90 | 6| 3000860|13487| -114.7 |        |    |        |   8 |   |          |   |   |     |     |   |    |       |  |       |   |                  |                  |    |      |
    |  3 | 90 | 7| 3000860|13487|        |  -96.7 |    |        |  25 | N |    16QAM |   | 2 |  46 |  47 | Y |    |   776 |  |     0 |   |                  |                  | ACK|    3 |
    |  3 | 90 | 8| 3000860|13487| -114.8 |        |    |        |   8 |   |          |   |   |     |     |   |    |       |  |       |   |                  |                  |    |      |
    |  3 | 90 | 9| 3000860|13487| -114.9 |        |    |        |   7 |   |          |   |   |     |     |   |    |       |  |       |   |                  |                  |    |      |
  2 |  * | 91 | 0|      * |     |        |        |    |        |     |   |          |   |   |     |     |   |    |       |  |       |   |                  |                  |    |      |
    |  3 | 91 | 0| 3000860|13487| -114.0 |        |    |        |   8 |   |          |   |   |     |     |   |    |       |  |       |   |                  |                  |    |      |
    |  3 | 91 | 1| 3000860|13487| -114.5 |        |    |        |   7 |   |          | 19| 2 |  46 |     |   |    |   776 |  |       |   |                  |                  |    |      |
    |  3 | 91 | 2| 3000860|13487| -114.7 |        |    |        |   7 |   |          |   |   |     |     |   |    |       |  |       |   |                  |                  |    |      |
  2 |  * | 91 | 3|      * |     |        |        |    |        |     |   |          |   |   |     |     |   |    |       |  |       |   |                  |                  |    |      |
lost|cell|sfn |sf|bbUeRef |rnti |pucchPwr|puschPwr|gain|puschTpc|sinr |dtx|modulation|mcs|prb|prbSt|prbEn|ndf|bler|tbs    |sr|bsr    |phr|pucchIntNoisePower|puschIntNoisePower|harq|procId|
    |  3 | 91 | 3| 3000860|13487| -114.2 |        |    |        |   8 |   |          |   |   |     |     |   |    |       |  |       |   |                  |                  |    |      |
    |  3 | 91 | 4| 3000860|13487| -114.5 |        |    |        |   8 |   |          |   |   |     |     |   |    |       |  |       |   |                  |                  |    |      |
    |  3 | 91 | 5| 3000860|13487| -114.4 |        |    |        |   8 |   |          |   |   |     |     |   |    |       |  |       |   |                  |                  |    |      |
    |  3 | 91 | 6| 3000860|13487| -114.5 |        |    |        |   8 |   |          |   |   |     |     |   |    |       |  |       |   |                  |                  |    |      |
    |  3 | 91 | 7| 3000860|13487|        |  -96.7 |    |        |  26 | N |    16QAM |   | 2 |  46 |  47 | Y |    |   776 |  |     0 |   |                  |                  | ACK|    5 |
  2 |  * | 91 | 8|      * |     |        |        |    |        |     |   |          |   |   |     |     |   |    |       |  |       |   |                  |                  |    |      |
    |  3 | 91 | 8| 3000860|13487| -115.0 |        |    |        |   7 |   |          |   |   |     |     |   |    |       |  |       |   |                  |                  |    |      |
  2 |  * | 92 | 1|      * |     |        |        |    |        |     |   |          |   |   |     |     |   |    |       |  |       |   |                  |                  |    |      |
3593|  * | 126| 9|      * |     |        |        |    |        |     |   |          |   |   |     |     |   |    |       |  |       |   |                  |                  |    |      |
    |  3 | 126| 9| 3000860|13487| -114.0 |        |    |        |   8 |   |          |   |   |     |     |   |    |       |  |       |   |                  |                  |    |      |
 701|  * | 127| 0|      * |     |        |        |    |        |     |   |          |   |   |     |     |   |    |       |  |       |   |                  |                  |    |      |
    |  3 | 127| 0| 3000860|13487| -114.3 |        |    |        |   8 |   |          |   |   |     |     |   |    |       |  |       |   |                  |                  |    |      |
    |  3 | 127| 1| 3000860|13487| -114.6 |        |    |        |   7 |   |          | 19| 2 |  46 |     |   |    |   776 |  |       |   |                  |                  |    |      |
 835|  * | 127| 2|      * |     |        |        |    |        |     |   |          |   |   |     |     |   |    |       |  |       |   |                  |                  |    |      |
    |  3 | 127| 2| 3000860|13487| -114.2 |        |    |        |   8 |   |          |   |   |     |     |   |    |       |  |       |   |                  |                  |    |      |
  2 |  * | 127| 3|      * |     |        |        |    |        |     |   |          |   |   |     |     |   |    |       |  |       |   |                  |                  |    |      |
    |  3 | 127| 3| 3000860|13487| -114.2 |        |    |        |   8 |   |          |   |   |     |     |   |    |       |  |       |   |                  |                  |    |      |
    |  3 | 127| 4| 3000860|13487| -113.9 |        |    |        |   8 |   |          |   |   |     |     |   |    |       |  |       |   |                  |                  |    |      |
    |  3 | 127| 5| 3000860|13487| -114.4 |        |    |        |   8 |   |          |   |   |     |     |   |    |       |  |       |   |                  |                  |    |      |
    |  3 | 127| 6| 3000860|13487| -114.2 |        |    |        |   8 |   |          |   |   |     |     |   |    |       |  |       |   |                  |                  |    |      |
    |  3 | 127| 7| 3000860|13487|        |  -96.6 |    |        |  26 | N |    16QAM |   | 2 |  46 |  47 | Y |    |   776 |  |     0 |   |                  |                  | ACK|    5 |
  2 |  * | 127| 8|      * |     |        |        |    |        |     |   |          |   |   |     |     |   |    |       |  |       |   |                  |                  |    |      |
    |  3 | 127| 8| 3000860|13487| -114.9 |        |    |        |   8 |   |          |   |   |     |     |   |    |       |  |       |   |                  |                  |    |      |
    |  3 | 127| 9| 3000860|13487| -114.5 |        |    |        |   8 |   |          |   |   |     |     |   |    |       |  |       |   |                  |                  |    |      |
  2 |  * | 128| 0|      * |     |        |        |    |        |     |   |          |   |   |     |     |   |    |       |  |       |   |                  |                  |    |      |
    |  3 | 128| 0| 3000860|13487| -114.8 |        |    |        |   7 |   |          |   |   |     |     |   |    |       |  |       |   |                  |                  |    |      |
    |  3 | 128| 7| 3000860|13487|        |        |    |        |     |   |    16QAM |   | 2 |  46 |  47 | Y |    |   776 |  |       |   |                  |                  |    |    7 |
